/*--------------------------------*- C++ -*----------------------------------*\
  =========                 |
  \\      /  F ield         | OpenFOAM: The Open Source CFD Toolbox
   \\    /   O peration     | Website:  https://openfoam.org
    \\  /    A nd           | Version:  10
     \\/     M anipulation  |
\*---------------------------------------------------------------------------*/
FoamFile
{
    format      ascii;
    class       volVectorField;
    location    "20";
    object      UWrite;
}
// * * * * * * * * * * * * * * * * * * * * * * * * * * * * * * * * * * * * * //

dimensions      [0 1 -1 0 0 0 0];

internalField   uniform (0 0 0);

boundaryField
{
    bottomWall
    {
        type            calculated;
        value           nonuniform List<vector> 
1600
(
(6.91906e-310 6.91906e-310 4.64372e-310)
(4.64372e-310 1.11022e-16 0.025)
(0 0 0.025)
(4.44089e-16 1.11022e-16 0.025)
(4.44089e-16 1.11022e-16 0.025)
(-4.44089e-16 -1.11022e-16 0.025)
(-4.44089e-16 -2.22045e-16 0.025)
(0 -2.22045e-16 0.025)
(-4.44089e-16 0 0.025)
(8.88178e-16 2.22045e-16 0.025)
(4.44089e-16 0 0.025)
(-4.44089e-16 -1.11022e-16 0.025)
(8.88178e-16 2.22045e-16 0.025)
(-4.44089e-16 0 0.025)
(1.33227e-15 2.22045e-16 0.025)
(1.77636e-15 1.11022e-16 0.025)
(0 -2.22045e-16 0.025)
(0 0 0.025)
(-4.44089e-16 1.11022e-16 0.025)
(-1.33227e-15 -1.11022e-16 0.025)
(0 0 0)
(0 0 0)
(0 0 0)
(0 0 0)
(0 0 0)
(0 0 0)
(0 0 0)
(0 0 0)
(0 0 0)
(0 0 0)
(0 0 0)
(0 0 0)
(0 0 0)
(0 0 0)
(0 0 0)
(0 0 0)
(0 0 0)
(0 0 0)
(0 0 0)
(0 0 0)
(4.44089e-16 0 0.025)
(8.88178e-16 1.11022e-16 0.025)
(-4.44089e-16 1.11022e-16 0.025)
(0 0 0.025)
(1.33227e-15 1.11022e-16 0.025)
(-4.44089e-16 5.55112e-17 0.025)
(4.44089e-16 0 0.025)
(-8.88178e-16 5.55112e-17 0.025)
(4.44089e-16 5.55112e-17 0.025)
(0 5.55112e-17 0.025)
(-1.77636e-15 -8.32667e-17 0.025)
(0 0 0.025)
(4.44089e-16 2.77556e-17 0.025)
(4.44089e-16 2.77556e-17 0.025)
(4.44089e-16 1.38778e-17 0.025)
(0 0 0.025)
(-4.44089e-16 0 0.025)
(0 0 0.025)
(-4.44089e-16 1.38778e-17 0.025)
(-8.88178e-16 0 0.025)
(0 0 0)
(0 0 0)
(0 0 0)
(0 0 0)
(0 0 0)
(0 0 0)
(0 0 0)
(0 0 0)
(0 0 0)
(0 0 0)
(0 0 0)
(0 0 0)
(0 0 0)
(0 0 0)
(0 0 0)
(0 0 0)
(0 0 0)
(0 0 0)
(0 0 0)
(0 0 0)
(4.44089e-16 6.93889e-18 0.025)
(0 1.38778e-17 0.025)
(0 0 0.025)
(-4.44089e-16 -3.46945e-18 0.025)
(-4.44089e-16 0 0.025)
(-4.44089e-16 -1.73472e-18 0.025)
(0 0 0.025)
(0 0 0.025)
(4.44089e-16 4.33681e-19 0.025)
(8.88178e-16 0 0.025)
(-8.88178e-16 0 0.025)
(0 4.33681e-19 0.025)
(4.44089e-16 0 0.025)
(4.44089e-16 0 0.025)
(4.44089e-16 0 0.025)
(-8.88178e-16 0 0.025)
(4.44089e-16 4.33681e-19 0.025)
(8.88178e-16 0 0.025)
(-4.44089e-16 4.33681e-19 0.025)
(4.44089e-16 0 0.025)
(0 0 0)
(0 0 0)
(0 0 0)
(0 0 0)
(0 0 0)
(0 0 0)
(0 0 0)
(0 0 0)
(0 0 0)
(0 0 0)
(0 0 0)
(0 0 0)
(0 0 0)
(0 0 0)
(0 0 0)
(0 0 0)
(0 0 0)
(0 0 0)
(0 0 0)
(0 0 0)
(0 0 0.025)
(0 0 0.025)
(4.44089e-16 0 0.025)
(4.44089e-16 4.33681e-19 0.025)
(0 4.33681e-19 0.025)
(-4.44089e-16 0 0.025)
(2.22045e-16 0 0.025)
(4.44089e-16 0 0.025)
(-2.22045e-16 8.67362e-19 0.025)
(0 -4.33681e-19 0.025)
(2.22045e-16 0 0.025)
(0 0 0.025)
(2.22045e-16 0 0.025)
(2.22045e-16 4.33681e-19 0.025)
(0 0 0.025)
(2.22045e-16 0 0.025)
(0 0 0.025)
(2.22045e-16 -4.33681e-19 0.025)
(2.22045e-16 8.67362e-19 0.025)
(1.11022e-16 0 0.025)
(0 0 0)
(0 0 0)
(0 0 0)
(0 0 0)
(0 0 0)
(0 0 0)
(0 0 0)
(0 0 0)
(0 0 0)
(0 0 0)
(0 0 0)
(0 0 0)
(0 0 0)
(0 0 0)
(0 0 0)
(0 0 0)
(0 0 0)
(0 0 0)
(0 0 0)
(0 0 0)
(0 -4.33681e-19 0.025)
(0 -4.33681e-19 0.025)
(-5.55112e-17 8.67362e-19 0.025)
(2.77556e-17 4.33681e-19 0.025)
(0 0 0.025)
(0 -4.33681e-19 0.025)
(-6.93889e-18 -1.73472e-18 0.025)
(-6.93889e-18 -3.46945e-18 0.025)
(0 0 0.025)
(0 -3.46945e-18 0.025)
(-1.38778e-17 6.93889e-18 0.025)
(0 0 0.025)
(-1.38778e-17 -1.38778e-17 0.025)
(6.93889e-18 -1.38778e-17 0.025)
(6.93889e-18 0 0.025)
(-6.93889e-18 -1.38778e-17 0.025)
(-6.93889e-18 -1.38778e-17 0.025)
(-1.38778e-17 1.38778e-17 0.025)
(0 0 0.025)
(-1.38778e-17 -8.32667e-17 0.025)
(0 0 0)
(0 0 0)
(0 0 0)
(0 0 0)
(0 0 0)
(0 0 0)
(0 0 0)
(0 0 0)
(0 0 0)
(0 0 0)
(0 0 0)
(0 0 0)
(0 0 0)
(0 0 0)
(0 0 0)
(0 0 0)
(0 0 0)
(0 0 0)
(0 0 0)
(0 0 0)
(0 -2.77556e-17 0.025)
(-1.38778e-17 0 0.025)
(-6.93889e-18 -2.77556e-17 0.025)
(0 2.77556e-17 0.025)
(6.93889e-18 -5.55112e-17 0.025)
(0 0 0.025)
(0 -5.55112e-17 0.025)
(-6.93889e-18 0 0.025)
(-1.38778e-17 -1.11022e-16 0.025)
(-6.93889e-18 -1.11022e-16 0.025)
(-6.93889e-18 -3.33067e-16 0.025)
(0 1.11022e-16 0.025)
(0 1.11022e-16 0.025)
(-6.93889e-18 1.11022e-16 0.025)
(0 1.11022e-16 0.025)
(-2.08167e-17 -3.33067e-16 0.025)
(-1.38778e-17 -2.22045e-16 0.025)
(-2.77556e-17 -3.33067e-16 0.025)
(0 1.11022e-16 0.025)
(-5.55112e-17 1.11022e-16 0.025)
(0 0 0)
(0 0 0)
(0 0 0)
(0 0 0)
(0 0 0)
(0 0 0)
(0 0 0)
(0 0 0)
(0 0 0)
(0 0 0)
(0 0 0)
(0 0 0)
(0 0 0)
(0 0 0)
(0 0 0)
(0 0 0)
(0 0 0)
(0 0 0)
(0 0 0)
(0 0 0)
(0 1.11022e-16 0.025)
(1.11022e-16 0 0.025)
(0 -1.11022e-16 0.025)
(-1.11022e-16 -1.11022e-16 0.025)
(0 -1.11022e-16 0.025)
(-1.11022e-16 -1.11022e-16 0.025)
(0 -1.11022e-16 0.025)
(2.22045e-16 1.11022e-16 0.025)
(2.22045e-16 1.11022e-16 0.025)
(2.22045e-16 1.11022e-16 0.025)
(-4.44089e-16 -1.11022e-16 0.025)
(0 -1.11022e-16 0.025)
(2.22045e-16 0 0.025)
(2.22045e-16 -1.11022e-16 0.025)
(0 1.11022e-16 0.025)
(0 -1.11022e-16 0.025)
(-4.44089e-16 -1.11022e-16 0.025)
(-4.44089e-16 0 0.025)
(8.88178e-16 0 0.025)
(-4.44089e-16 2.22045e-16 0.025)
(0 0 0)
(0 0 0)
(0 0 0)
(0 0 0)
(0 0 0)
(0 0 0)
(0 0 0)
(0 0 0)
(0 0 0)
(0 0 0)
(0 0 0)
(0 0 0)
(0 0 0)
(0 0 0)
(0 0 0)
(0 0 0)
(0 0 0)
(0 0 0)
(0 0 0)
(0 0 0)
(4.44089e-16 0 0.025)
(0 -1.11022e-16 0.025)
(4.44089e-16 2.22045e-16 0.025)
(-8.88178e-16 -1.11022e-16 0.025)
(0 1.11022e-16 0.025)
(-4.44089e-16 0 0.025)
(8.88178e-16 2.22045e-16 0.025)
(1.33227e-15 2.22045e-16 0.025)
(4.44089e-16 1.11022e-16 0.025)
(4.44089e-16 0 0.025)
(8.88178e-16 1.11022e-16 0.025)
(0 1.11022e-16 0.025)
(4.44089e-16 0 0.025)
(4.44089e-16 0 0.025)
(1.33227e-15 1.11022e-16 0.025)
(8.88178e-16 1.11022e-16 0.025)
(0 1.11022e-16 0.025)
(8.88178e-16 0 0.025)
(1.77636e-15 1.11022e-16 0.025)
(4.44089e-16 2.22045e-16 0.025)
(0 0 0)
(0 0 0)
(0 0 0)
(0 0 0)
(0 0 0)
(0 0 0)
(0 0 0)
(0 0 0)
(0 0 0)
(0 0 0)
(0 0 0)
(0 0 0)
(0 0 0)
(0 0 0)
(0 0 0)
(0 0 0)
(0 0 0)
(0 0 0)
(0 0 0)
(0 0 0)
(0 2.22045e-16 0.025)
(0 0 0.025)
(4.44089e-16 0 0.025)
(0 1.11022e-16 0.025)
(-8.88178e-16 5.55112e-17 0.025)
(8.88178e-16 1.11022e-16 0.025)
(4.44089e-16 5.55112e-17 0.025)
(0 0 0.025)
(8.88178e-16 5.55112e-17 0.025)
(0 0 0.025)
(0 5.55112e-17 0.025)
(0 -2.77556e-17 0.025)
(4.44089e-16 0 0.025)
(4.44089e-16 2.77556e-17 0.025)
(-8.88178e-16 0 0.025)
(4.44089e-16 1.38778e-17 0.025)
(-8.88178e-16 0 0.025)
(4.44089e-16 0 0.025)
(-8.88178e-16 0 0.025)
(8.88178e-16 2.08167e-17 0.025)
(0 0 0)
(0 0 0)
(0 0 0)
(0 0 0)
(0 0 0)
(0 0 0)
(0 0 0)
(0 0 0)
(0 0 0)
(0 0 0)
(0 0 0)
(0 0 0)
(0 0 0)
(0 0 0)
(0 0 0)
(0 0 0)
(0 0 0)
(0 0 0)
(0 0 0)
(0 0 0)
(4.44089e-16 0 0.025)
(-8.88178e-16 6.93889e-18 0.025)
(0 6.93889e-18 0.025)
(0 0 0.025)
(4.44089e-16 0 0.025)
(-8.88178e-16 0 0.025)
(-4.44089e-16 -1.73472e-18 0.025)
(-4.44089e-16 0 0.025)
(0 -8.67362e-19 0.025)
(-8.88178e-16 -8.67362e-19 0.025)
(0 8.67362e-19 0.025)
(4.44089e-16 8.67362e-19 0.025)
(0 -8.67362e-19 0.025)
(0 8.67362e-19 0.025)
(8.88178e-16 -8.67362e-19 0.025)
(0 -8.67362e-19 0.025)
(4.44089e-16 8.67362e-19 0.025)
(-4.44089e-16 0 0.025)
(-4.44089e-16 -8.67362e-19 0.025)
(-4.44089e-16 -8.67362e-19 0.025)
(0 0 0)
(0 0 0)
(0 0 0)
(0 0 0)
(0 0 0)
(0 0 0)
(0 0 0)
(0 0 0)
(0 0 0)
(0 0 0)
(0 0 0)
(0 0 0)
(0 0 0)
(0 0 0)
(0 0 0)
(0 0 0)
(0 0 0)
(0 0 0)
(0 0 0)
(0 0 0)
(0 8.67362e-19 0.025)
(0 -8.67362e-19 0.025)
(0 0 0.025)
(0 8.67362e-19 0.025)
(4.44089e-16 8.67362e-19 0.025)
(-2.22045e-16 -8.67362e-19 0.025)
(-2.22045e-16 0 0.025)
(0 -8.67362e-19 0.025)
(-4.44089e-16 0 0.025)
(0 8.67362e-19 0.025)
(0 -8.67362e-19 0.025)
(2.22045e-16 8.67362e-19 0.025)
(2.22045e-16 8.67362e-19 0.025)
(2.22045e-16 8.67362e-19 0.025)
(2.22045e-16 -8.67362e-19 0.025)
(0 -1.73472e-18 0.025)
(-1.11022e-16 -1.73472e-18 0.025)
(-1.11022e-16 -8.67362e-19 0.025)
(0 -8.67362e-19 0.025)
(1.11022e-16 0 0.025)
(0 0 0)
(0 0 0)
(0 0 0)
(0 0 0)
(0 0 0)
(0 0 0)
(0 0 0)
(0 0 0)
(0 0 0)
(0 0 0)
(0 0 0)
(0 0 0)
(0 0 0)
(0 0 0)
(0 0 0)
(0 0 0)
(0 0 0)
(0 0 0)
(0 0 0)
(0 0 0)
(0 0 0.025)
(5.55112e-17 -8.67362e-19 0.025)
(0 0 0.025)
(0 -8.67362e-19 0.025)
(-2.77556e-17 -3.46945e-18 0.025)
(-2.77556e-17 3.46945e-18 0.025)
(0 -3.46945e-18 0.025)
(0 0 0.025)
(-2.77556e-17 6.93889e-18 0.025)
(-2.77556e-17 0 0.025)
(0 0 0.025)
(0 0 0.025)
(0 -1.38778e-17 0.025)
(-2.77556e-17 0 0.025)
(2.77556e-17 1.38778e-17 0.025)
(2.77556e-17 0 0.025)
(0 -5.55112e-17 0.025)
(-2.77556e-17 0 0.025)
(0 -5.55112e-17 0.025)
(0 0 0.025)
(0 0 0)
(0 0 0)
(0 0 0)
(0 0 0)
(0 0 0)
(0 0 0)
(0 0 0)
(0 0 0)
(0 0 0)
(0 0 0)
(0 0 0)
(0 0 0)
(0 0 0)
(0 0 0)
(0 0 0)
(0 0 0)
(0 0 0)
(0 0 0)
(0 0 0)
(0 0 0)
(-2.77556e-17 -2.77556e-17 0.025)
(0 -5.55112e-17 0.025)
(2.77556e-17 5.55112e-17 0.025)
(2.77556e-17 0 0.025)
(0 -5.55112e-17 0.025)
(-2.77556e-17 1.11022e-16 0.025)
(0 -1.11022e-16 0.025)
(2.77556e-17 1.11022e-16 0.025)
(-2.77556e-17 -1.11022e-16 0.025)
(-2.77556e-17 0 0.025)
(0 -1.11022e-16 0.025)
(0 -1.11022e-16 0.025)
(-2.77556e-17 0 0.025)
(0 1.11022e-16 0.025)
(0 -1.11022e-16 0.025)
(0 1.11022e-16 0.025)
(0 -1.11022e-16 0.025)
(0 -1.11022e-16 0.025)
(1.11022e-16 0 0.025)
(-1.11022e-16 -1.11022e-16 0.025)
(0 0 0)
(0 0 0)
(0 0 0)
(0 0 0)
(0 0 0)
(0 0 0)
(0 0 0)
(0 0 0)
(0 0 0)
(0 0 0)
(0 0 0)
(0 0 0)
(0 0 0)
(0 0 0)
(0 0 0)
(0 0 0)
(0 0 0)
(0 0 0)
(0 0 0)
(0 0 0)
(2.22045e-16 -1.11022e-16 0.025)
(2.22045e-16 -2.22045e-16 0.025)
(2.22045e-16 0 0.025)
(-2.22045e-16 0 0.025)
(2.22045e-16 1.11022e-16 0.025)
(0 -1.11022e-16 0.025)
(0 0 0.025)
(4.44089e-16 1.11022e-16 0.025)
(2.22045e-16 -1.11022e-16 0.025)
(4.44089e-16 -1.11022e-16 0.025)
(0 -1.11022e-16 0.025)
(4.44089e-16 1.11022e-16 0.025)
(4.44089e-16 0 0.025)
(8.88178e-16 1.11022e-16 0.025)
(8.88178e-16 2.22045e-16 0.025)
(8.88178e-16 0 0.025)
(4.44089e-16 1.11022e-16 0.025)
(8.88178e-16 1.11022e-16 0.025)
(-4.44089e-16 0 0.025)
(0 1.11022e-16 0.025)
(0 0 0)
(0 0 0)
(0 0 0)
(0 0 0)
(0 0 0)
(0 0 0)
(0 0 0)
(0 0 0)
(0 0 0)
(0 0 0)
(0 0 0)
(0 0 0)
(0 0 0)
(0 0 0)
(0 0 0)
(0 0 0)
(0 0 0)
(0 0 0)
(0 0 0)
(0 0 0)
(4.44089e-16 0 0.025)
(8.88178e-16 1.11022e-16 0.025)
(4.44089e-16 1.11022e-16 0.025)
(-4.44089e-16 0 0.025)
(8.88178e-16 2.22045e-16 0.025)
(4.44089e-16 1.11022e-16 0.025)
(0 1.11022e-16 0.025)
(4.44089e-16 2.22045e-16 0.025)
(8.88178e-16 2.22045e-16 0.025)
(1.33227e-15 2.22045e-16 0.025)
(8.88178e-16 1.11022e-16 0.025)
(-4.44089e-16 0 0.025)
(0 -1.11022e-16 0.025)
(0 -1.11022e-16 0.025)
(8.88178e-16 0 0.025)
(-4.44089e-16 0 0.025)
(-8.88178e-16 0 0.025)
(0 5.55112e-17 0.025)
(-4.44089e-16 -5.55112e-17 0.025)
(4.44089e-16 0 0.025)
(0 0 0)
(0 0 0)
(0 0 0)
(0 0 0)
(0 0 0)
(0 0 0)
(0 0 0)
(0 0 0)
(0 0 0)
(0 0 0)
(0 0 0)
(0 0 0)
(0 0 0)
(0 0 0)
(0 0 0)
(0 0 0)
(0 0 0)
(0 0 0)
(0 0 0)
(0 0 0)
(8.88178e-16 0 0.025)
(-4.44089e-16 -5.55112e-17 0.025)
(0 0 0.025)
(-8.88178e-16 0 0.025)
(8.88178e-16 5.55112e-17 0.025)
(-8.88178e-16 0 0.025)
(-4.44089e-16 0 0.025)
(0 0 0.025)
(0 1.38778e-17 0.025)
(-8.88178e-16 0 0.025)
(-4.44089e-16 2.77556e-17 0.025)
(0 -2.77556e-17 0.025)
(-1.33227e-15 -6.93889e-18 0.025)
(-4.44089e-16 6.93889e-18 0.025)
(8.88178e-16 6.93889e-18 0.025)
(-4.44089e-16 6.93889e-18 0.025)
(0 -3.46945e-18 0.025)
(0 -3.46945e-18 0.025)
(-4.44089e-16 -3.46945e-18 0.025)
(0 0 0.025)
(0 0 0)
(0 0 0)
(0 0 0)
(0 0 0)
(0 0 0)
(0 0 0)
(0 0 0)
(0 0 0)
(0 0 0)
(0 0 0)
(0 0 0)
(0 0 0)
(0 0 0)
(0 0 0)
(0 0 0)
(0 0 0)
(0 0 0)
(0 0 0)
(0 0 0)
(0 0 0)
(4.44089e-16 0 0.025)
(8.88178e-16 0 0.025)
(0 0 0.025)
(-4.44089e-16 0 0.025)
(0 1.73472e-18 0.025)
(0 0 0.025)
(-4.44089e-16 1.73472e-18 0.025)
(-4.44089e-16 1.73472e-18 0.025)
(0 -1.73472e-18 0.025)
(0 -1.73472e-18 0.025)
(0 -1.73472e-18 0.025)
(4.44089e-16 0 0.025)
(0 0 0.025)
(0 -3.46945e-18 0.025)
(0 0 0.025)
(-4.44089e-16 0 0.025)
(0 -5.20417e-18 0.025)
(-2.22045e-16 -1.73472e-18 0.025)
(2.22045e-16 -3.46945e-18 0.025)
(0 1.73472e-18 0.025)
(0 0 0)
(0 0 0)
(0 0 0)
(0 0 0)
(0 0 0)
(0 0 0)
(0 0 0)
(0 0 0)
(0 0 0)
(0 0 0)
(0 0 0)
(0 0 0)
(0 0 0)
(0 0 0)
(0 0 0)
(0 0 0)
(0 0 0)
(0 0 0)
(0 0 0)
(0 0 0)
(-6.66134e-16 -3.46945e-18 0.025)
(2.22045e-16 0 0.025)
(0 -1.73472e-18 0.025)
(-2.22045e-16 -1.73472e-18 0.025)
(2.22045e-16 1.73472e-18 0.025)
(0 -3.46945e-18 0.025)
(1.11022e-16 -1.73472e-18 0.025)
(0 -1.73472e-18 0.025)
(0 -1.73472e-18 0.025)
(1.11022e-16 -3.46945e-18 0.025)
(0 -1.73472e-18 0.025)
(5.55112e-17 -3.46945e-18 0.025)
(0 0 0.025)
(-2.77556e-17 -5.20417e-18 0.025)
(5.55112e-17 -6.93889e-18 0.025)
(0 6.93889e-18 0.025)
(0 6.93889e-18 0.025)
(0 -6.93889e-18 0.025)
(-5.55112e-17 -1.38778e-17 0.025)
(-5.55112e-17 -1.38778e-17 0.025)
(0 0 0)
(0 0 0)
(0 0 0)
(0 0 0)
(0 0 0)
(0 0 0)
(0 0 0)
(0 0 0)
(0 0 0)
(0 0 0)
(0 0 0)
(0 0 0)
(0 0 0)
(0 0 0)
(0 0 0)
(0 0 0)
(0 0 0)
(0 0 0)
(0 0 0)
(0 0 0)
(2.77556e-17 1.38778e-17 0.025)
(-5.55112e-17 -1.38778e-17 0.025)
(-2.77556e-17 1.38778e-17 0.025)
(0 2.77556e-17 0.025)
(0 -2.77556e-17 0.025)
(2.77556e-17 0 0.025)
(0 -2.77556e-17 0.025)
(-5.55112e-17 -2.77556e-17 0.025)
(-5.55112e-17 0 0.025)
(0 -5.55112e-17 0.025)
(0 -5.55112e-17 0.025)
(0 0 0.025)
(0 0 0.025)
(5.55112e-17 1.11022e-16 0.025)
(0 0 0.025)
(-5.55112e-17 -5.55112e-17 0.025)
(2.77556e-17 1.11022e-16 0.025)
(0 0 0.025)
(0 0 0.025)
(-2.77556e-17 -1.11022e-16 0.025)
(0 0 0)
(0 0 0)
(0 0 0)
(0 0 0)
(0 0 0)
(0 0 0)
(0 0 0)
(0 0 0)
(0 0 0)
(0 0 0)
(0 0 0)
(0 0 0)
(0 0 0)
(0 0 0)
(0 0 0)
(0 0 0)
(0 0 0)
(0 0 0)
(0 0 0)
(0 0 0)
(-5.55112e-17 -2.22045e-16 0.025)
(0 1.11022e-16 0.025)
(5.55112e-17 -1.11022e-16 0.025)
(1.11022e-16 -1.11022e-16 0.025)
(0 0 0.025)
(-1.11022e-16 -2.22045e-16 0.025)
(-1.11022e-16 -1.11022e-16 0.025)
(3.33067e-16 0 0.025)
(-2.22045e-16 0 0.025)
(2.22045e-16 -1.11022e-16 0.025)
(-2.22045e-16 -1.11022e-16 0.025)
(0 -1.11022e-16 0.025)
(2.22045e-16 -1.11022e-16 0.025)
(4.44089e-16 1.11022e-16 0.025)
(2.22045e-16 -1.11022e-16 0.025)
(0 0 0.025)
(0 -1.11022e-16 0.025)
(2.22045e-16 -2.22045e-16 0.025)
(0 1.11022e-16 0.025)
(4.44089e-16 1.11022e-16 0.025)
(0 0 0)
(0 0 0)
(0 0 0)
(0 0 0)
(0 0 0)
(0 0 0)
(0 0 0)
(0 0 0)
(0 0 0)
(0 0 0)
(0 0 0)
(0 0 0)
(0 0 0)
(0 0 0)
(0 0 0)
(0 0 0)
(0 0 0)
(0 0 0)
(0 0 0)
(0 0 0)
(4.44089e-16 2.22045e-16 0.025)
(4.44089e-16 2.22045e-16 0.025)
(8.88178e-16 1.11022e-16 0.025)
(4.44089e-16 2.22045e-16 0.025)
(-4.44089e-16 0 0.025)
(-4.44089e-16 2.22045e-16 0.025)
(4.44089e-16 2.22045e-16 0.025)
(0 -1.11022e-16 0.025)
(-4.44089e-16 0 0.025)
(-4.44089e-16 1.11022e-16 0.025)
(-8.88178e-16 0 0.025)
(-8.88178e-16 -1.11022e-16 0.025)
(0 -1.11022e-16 0.025)
(0 -1.11022e-16 0.025)
(4.44089e-16 2.22045e-16 0.025)
(4.44089e-16 1.11022e-16 0.025)
(8.88178e-16 0 0.025)
(-8.88178e-16 2.22045e-16 0.025)
(4.44089e-16 0 0.025)
(4.44089e-16 0 0.025)
(0 0 0)
(0 0 0)
(0 0 0)
(0 0 0)
(0 0 0)
(0 0 0)
(0 0 0)
(0 0 0)
(0 0 0)
(0 0 0)
(0 0 0)
(0 0 0)
(0 0 0)
(0 0 0)
(0 0 0)
(0 0 0)
(0 0 0)
(0 0 0)
(0 0 0)
(0 0 0)
(-4.44089e-16 0 0.025)
(0 1.11022e-16 0.025)
(4.44089e-16 5.55112e-17 0.025)
(4.44089e-16 1.11022e-16 0.025)
(0 1.11022e-16 0.025)
(0 0 0.025)
(0 5.55112e-17 0.025)
(-4.44089e-16 2.77556e-17 0.025)
(0 5.55112e-17 0.025)
(-1.33227e-15 -2.77556e-17 0.025)
(4.44089e-16 2.77556e-17 0.025)
(0 0 0.025)
(-4.44089e-16 -2.77556e-17 0.025)
(-4.44089e-16 -1.38778e-17 0.025)
(-4.44089e-16 1.38778e-17 0.025)
(-4.44089e-16 0 0.025)
(4.44089e-16 0 0.025)
(4.44089e-16 1.38778e-17 0.025)
(-4.44089e-16 -6.93889e-18 0.025)
(0 6.93889e-18 0.025)
(0 0 0)
(0 0 0)
(0 0 0)
(0 0 0)
(0 0 0)
(0 0 0)
(0 0 0)
(0 0 0)
(0 0 0)
(0 0 0)
(0 0 0)
(0 0 0)
(0 0 0)
(0 0 0)
(0 0 0)
(0 0 0)
(0 0 0)
(0 0 0)
(0 0 0)
(0 0 0)
(-4.44089e-16 6.93889e-18 0.025)
(-1.33227e-15 -3.46945e-18 0.025)
(4.44089e-16 3.46945e-18 0.025)
(0 -3.46945e-18 0.025)
(8.88178e-16 -3.46945e-18 0.025)
(0 3.46945e-18 0.025)
(-4.44089e-16 -6.93889e-18 0.025)
(4.44089e-16 0 0.025)
(0 3.46945e-18 0.025)
(8.88178e-16 0 0.025)
(0 0 0.025)
(-4.44089e-16 -3.46945e-18 0.025)
(0 3.46945e-18 0.025)
(0 0 0.025)
(8.88178e-16 0 0.025)
(4.44089e-16 0 0.025)
(0 -3.46945e-18 0.025)
(4.44089e-16 0 0.025)
(0 -3.46945e-18 0.025)
(2.22045e-16 -3.46945e-18 0.025)
(0 0 0)
(0 0 0)
(0 0 0)
(0 0 0)
(0 0 0)
(0 0 0)
(0 0 0)
(0 0 0)
(0 0 0)
(0 0 0)
(0 0 0)
(0 0 0)
(0 0 0)
(0 0 0)
(0 0 0)
(0 0 0)
(0 0 0)
(0 0 0)
(0 0 0)
(0 0 0)
(0 -3.46945e-18 0.025)
(4.44089e-16 0 0.025)
(-2.22045e-16 -3.46945e-18 0.025)
(0 0 0.025)
(-2.22045e-16 -3.46945e-18 0.025)
(-2.22045e-16 -3.46945e-18 0.025)
(-2.22045e-16 0 0.025)
(-2.22045e-16 -6.93889e-18 0.025)
(0 -3.46945e-18 0.025)
(-2.22045e-16 -3.46945e-18 0.025)
(-1.11022e-16 -3.46945e-18 0.025)
(0 -3.46945e-18 0.025)
(1.11022e-16 0 0.025)
(-1.11022e-16 0 0.025)
(-5.55112e-17 -6.93889e-18 0.025)
(-5.55112e-17 0 0.025)
(-5.55112e-17 0 0.025)
(0 0 0.025)
(0 0 0.025)
(-5.55112e-17 0 0.025)
(0 0 0)
(0 0 0)
(0 0 0)
(0 0 0)
(0 0 0)
(0 0 0)
(0 0 0)
(0 0 0)
(0 0 0)
(0 0 0)
(0 0 0)
(0 0 0)
(0 0 0)
(0 0 0)
(0 0 0)
(0 0 0)
(0 0 0)
(0 0 0)
(0 0 0)
(0 0 0)
(5.55112e-17 -1.38778e-17 0.025)
(0 0 0.025)
(5.55112e-17 1.38778e-17 0.025)
(1.11022e-16 4.16334e-17 0.025)
(5.55112e-17 1.38778e-17 0.025)
(0 -2.77556e-17 0.025)
(-5.55112e-17 -2.77556e-17 0.025)
(0 -2.77556e-17 0.025)
(0 0 0.025)
(0 0 0.025)
(0 2.77556e-17 0.025)
(-5.55112e-17 -5.55112e-17 0.025)
(5.55112e-17 -5.55112e-17 0.025)
(5.55112e-17 -5.55112e-17 0.025)
(5.55112e-17 5.55112e-17 0.025)
(1.11022e-16 0 0.025)
(5.55112e-17 0 0.025)
(0 0 0.025)
(-5.55112e-17 0 0.025)
(5.55112e-17 0 0.025)
(0 0 0)
(0 0 0)
(0 0 0)
(0 0 0)
(0 0 0)
(0 0 0)
(0 0 0)
(0 0 0)
(0 0 0)
(0 0 0)
(0 0 0)
(0 0 0)
(0 0 0)
(0 0 0)
(0 0 0)
(0 0 0)
(0 0 0)
(0 0 0)
(0 0 0)
(0 0 0)
(-5.55112e-17 1.11022e-16 0.025)
(5.55112e-17 0 0.025)
(0 -1.11022e-16 0.025)
(0 -2.22045e-16 0.025)
(1.11022e-16 1.11022e-16 0.025)
(-2.22045e-16 -1.11022e-16 0.025)
(2.22045e-16 -1.11022e-16 0.025)
(-2.22045e-16 1.11022e-16 0.025)
(-2.22045e-16 1.11022e-16 0.025)
(0 1.11022e-16 0.025)
(0 0 0.025)
(2.22045e-16 2.22045e-16 0.025)
(2.22045e-16 -1.11022e-16 0.025)
(-2.22045e-16 1.11022e-16 0.025)
(0 1.11022e-16 0.025)
(-2.22045e-16 1.11022e-16 0.025)
(0 3.33067e-16 0.025)
(-4.44089e-16 0 0.025)
(0 1.11022e-16 0.025)
(-4.44089e-16 -2.22045e-16 0.025)
(0 0 0)
(0 0 0)
(0 0 0)
(0 0 0)
(0 0 0)
(0 0 0)
(0 0 0)
(0 0 0)
(0 0 0)
(0 0 0)
(0 0 0)
(0 0 0)
(0 0 0)
(0 0 0)
(0 0 0)
(0 0 0)
(0 0 0)
(0 0 0)
(0 0 0)
(0 0 0)
(-4.44089e-16 1.11022e-16 0.025)
(8.88178e-16 1.11022e-16 0.025)
(4.44089e-16 0 0.025)
(0 0 0.025)
(4.44089e-16 0 0.025)
(4.44089e-16 0 0.025)
(0 0 0.025)
(4.44089e-16 0 0.025)
(4.44089e-16 0 0.025)
(4.44089e-16 0 0.025)
(-4.44089e-16 0 0.025)
(-4.44089e-16 0 0.025)
(4.44089e-16 0 0.025)
(0 0 0.025)
(4.44089e-16 1.11022e-16 0.025)
(0 -1.11022e-16 0.025)
(0 0 0.025)
(0 1.11022e-16 0.025)
(0 0 0.025)
(0 1.11022e-16 0.025)
(0 0 0)
(0 0 0)
(0 0 0)
(0 0 0)
(0 0 0)
(0 0 0)
(0 0 0)
(0 0 0)
(0 0 0)
(0 0 0)
(0 0 0)
(0 0 0)
(0 0 0)
(0 0 0)
(0 0 0)
(0 0 0)
(0 0 0)
(0 0 0)
(0 0 0)
(0 0 0)
(4.44089e-16 5.55112e-17 0.025)
(0 0 0.025)
(4.44089e-16 0 0.025)
(-4.44089e-16 0 0.025)
(4.44089e-16 -2.77556e-17 0.025)
(-4.44089e-16 1.11022e-16 0.025)
(4.44089e-16 2.77556e-17 0.025)
(-4.44089e-16 0 0.025)
(4.44089e-16 0 0.025)
(8.88178e-16 2.77556e-17 0.025)
(8.88178e-16 1.38778e-17 0.025)
(0 4.16334e-17 0.025)
(0 -2.77556e-17 0.025)
(4.44089e-16 -1.38778e-17 0.025)
(0 0 0.025)
(0 0 0.025)
(-4.44089e-16 6.93889e-18 0.025)
(-4.44089e-16 -6.93889e-18 0.025)
(0 -3.46945e-18 0.025)
(4.44089e-16 -3.46945e-18 0.025)
(0 0 0)
(0 0 0)
(0 0 0)
(0 0 0)
(0 0 0)
(0 0 0)
(0 0 0)
(0 0 0)
(0 0 0)
(0 0 0)
(0 0 0)
(0 0 0)
(0 0 0)
(0 0 0)
(0 0 0)
(0 0 0)
(0 0 0)
(0 0 0)
(0 0 0)
(0 0 0)
(4.44089e-16 -3.46945e-18 0.025)
(0 0 0.025)
(4.44089e-16 -3.46945e-18 0.025)
(-4.44089e-16 0 0.025)
(-4.44089e-16 -3.46945e-18 0.025)
(4.44089e-16 -3.46945e-18 0.025)
(0 0 0.025)
(0 -3.46945e-18 0.025)
(0 -3.46945e-18 0.025)
(0 -3.46945e-18 0.025)
(-4.44089e-16 -3.46945e-18 0.025)
(4.44089e-16 0 0.025)
(-8.88178e-16 -3.46945e-18 0.025)
(0 0 0.025)
(-2.22045e-16 -6.93889e-18 0.025)
(-2.22045e-16 -3.46945e-18 0.025)
(-2.22045e-16 -6.93889e-18 0.025)
(0 -3.46945e-18 0.025)
(0 -3.46945e-18 0.025)
(-6.66134e-16 -6.93889e-18 0.025)
(0 0 0)
(0 0 0)
(0 0 0)
(0 0 0)
(0 0 0)
(0 0 0)
(0 0 0)
(0 0 0)
(0 0 0)
(0 0 0)
(0 0 0)
(0 0 0)
(0 0 0)
(0 0 0)
(0 0 0)
(0 0 0)
(0 0 0)
(0 0 0)
(0 0 0)
(0 0 0)
(0 0 0.025)
(-2.22045e-16 -6.93889e-18 0.025)
(-2.22045e-16 -3.46945e-18 0.025)
(-2.22045e-16 -6.93889e-18 0.025)
(0 3.46945e-18 0.025)
(0 -3.46945e-18 0.025)
(-1.11022e-16 -6.93889e-18 0.025)
(-1.11022e-16 -3.46945e-18 0.025)
(-1.11022e-16 3.46945e-18 0.025)
(2.22045e-16 3.46945e-18 0.025)
(0 0 0.025)
(1.11022e-16 -6.93889e-18 0.025)
(-5.55112e-17 -1.38778e-17 0.025)
(0 6.93889e-18 0.025)
(1.11022e-16 0 0.025)
(0 1.38778e-17 0.025)
(0 1.38778e-17 0.025)
(0 0 0.025)
(5.55112e-17 -2.77556e-17 0.025)
(0 -2.77556e-17 0.025)
(0 0 0)
(0 0 0)
(0 0 0)
(0 0 0)
(0 0 0)
(0 0 0)
(0 0 0)
(0 0 0)
(0 0 0)
(0 0 0)
(0 0 0)
(0 0 0)
(0 0 0)
(0 0 0)
(0 0 0)
(0 0 0)
(0 0 0)
(0 0 0)
(0 0 0)
(0 0 0)
(-5.55112e-17 -5.55112e-17 0.025)
(-5.55112e-17 -2.77556e-17 0.025)
(-5.55112e-17 -5.55112e-17 0.025)
(1.11022e-16 2.77556e-17 0.025)
(-5.55112e-17 0 0.025)
(-5.55112e-17 0 0.025)
(5.55112e-17 5.55112e-17 0.025)
(1.11022e-16 5.55112e-17 0.025)
(0 5.55112e-17 0.025)
(5.55112e-17 -1.11022e-16 0.025)
(-5.55112e-17 -1.11022e-16 0.025)
(1.11022e-16 -1.11022e-16 0.025)
(-5.55112e-17 -1.11022e-16 0.025)
(-1.11022e-16 -1.11022e-16 0.025)
(0 0 0.025)
(-1.11022e-16 0 0.025)
(0 0 0.025)
(1.11022e-16 0 0.025)
(-2.22045e-16 -1.11022e-16 0.025)
(0 0 0.025)
(0 0 0)
(0 0 0)
(0 0 0)
(0 0 0)
(0 0 0)
(0 0 0)
(0 0 0)
(0 0 0)
(0 0 0)
(0 0 0)
(0 0 0)
(0 0 0)
(0 0 0)
(0 0 0)
(0 0 0)
(0 0 0)
(0 0 0)
(0 0 0)
(0 0 0)
(0 0 0)
(4.44089e-16 0 0.025)
(2.22045e-16 1.11022e-16 0.025)
(0 0 0.025)
(2.22045e-16 1.11022e-16 0.025)
(0 1.11022e-16 0.025)
(-2.22045e-16 0 0.025)
(2.22045e-16 1.11022e-16 0.025)
(-2.22045e-16 -1.11022e-16 0.025)
(-8.88178e-16 -1.11022e-16 0.025)
(-4.44089e-16 0 0.025)
(4.44089e-16 -2.22045e-16 0.025)
(4.44089e-16 1.11022e-16 0.025)
(0 1.11022e-16 0.025)
(0 1.11022e-16 0.025)
(0 1.11022e-16 0.025)
(4.44089e-16 0 0.025)
(0 1.11022e-16 0.025)
(0 1.11022e-16 0.025)
(0 1.11022e-16 0.025)
(-4.44089e-16 1.11022e-16 0.025)
(0 0 0)
(0 0 0)
(0 0 0)
(0 0 0)
(0 0 0)
(0 0 0)
(0 0 0)
(0 0 0)
(0 0 0)
(0 0 0)
(0 0 0)
(0 0 0)
(0 0 0)
(0 0 0)
(0 0 0)
(0 0 0)
(0 0 0)
(0 0 0)
(0 0 0)
(0 0 0)
(-4.44089e-16 1.11022e-16 0.025)
(-4.44089e-16 1.11022e-16 0.025)
(0 0 0.025)
(4.44089e-16 1.11022e-16 0.025)
(0 1.11022e-16 0.025)
(0 0 0.025)
(4.44089e-16 1.11022e-16 0.025)
(4.44089e-16 5.55112e-17 0.025)
(8.88178e-16 1.11022e-16 0.025)
(-4.44089e-16 5.55112e-17 0.025)
(-4.44089e-16 5.55112e-17 0.025)
(0 5.55112e-17 0.025)
(4.44089e-16 0 0.025)
(4.44089e-16 5.55112e-17 0.025)
(-4.44089e-16 -5.55112e-17 0.025)
(4.44089e-16 0 0.025)
(4.44089e-16 2.77556e-17 0.025)
(-4.44089e-16 0 0.025)
(4.44089e-16 1.38778e-17 0.025)
(0 -1.38778e-17 0.025)
(0 0 0)
(0 0 0)
(0 0 0)
(0 0 0)
(0 0 0)
(0 0 0)
(0 0 0)
(0 0 0)
(0 0 0)
(0 0 0)
(0 0 0)
(0 0 0)
(0 0 0)
(0 0 0)
(0 0 0)
(0 0 0)
(0 0 0)
(0 0 0)
(0 0 0)
(0 0 0)
(-4.44089e-16 0 0.025)
(-4.44089e-16 0 0.025)
(4.44089e-16 1.38778e-17 0.025)
(4.44089e-16 1.38778e-17 0.025)
(4.44089e-16 6.93889e-18 0.025)
(0 6.93889e-18 0.025)
(0 6.93889e-18 0.025)
(-1.33227e-15 6.93889e-18 0.025)
(0 6.93889e-18 0.025)
(0 0 0.025)
(-4.44089e-16 0 0.025)
(0 0 0.025)
(0 0 0.025)
(0 6.93889e-18 0.025)
(4.44089e-16 6.93889e-18 0.025)
(0 0 0.025)
(4.44089e-16 6.93889e-18 0.025)
(-8.88178e-16 0 0.025)
(4.44089e-16 0 0.025)
(4.44089e-16 6.93889e-18 0.025)
(0 0 0)
(0 0 0)
(0 0 0)
(0 0 0)
(0 0 0)
(0 0 0)
(0 0 0)
(0 0 0)
(0 0 0)
(0 0 0)
(0 0 0)
(0 0 0)
(0 0 0)
(0 0 0)
(0 0 0)
(0 0 0)
(0 0 0)
(0 0 0)
(0 0 0)
(0 0 0)
(0 0 0.025)
(-2.22045e-16 -6.93889e-18 0.025)
(-2.22045e-16 6.93889e-18 0.025)
(-2.22045e-16 -6.93889e-18 0.025)
(0 0 0.025)
(-2.22045e-16 0 0.025)
(-4.44089e-16 -6.93889e-18 0.025)
(2.22045e-16 0 0.025)
(-2.22045e-16 0 0.025)
(0 0 0.025)
(0 -6.93889e-18 0.025)
(-2.22045e-16 0 0.025)
(0 0 0.025)
(0 0 0.025)
(0 0 0.025)
(1.11022e-16 -6.93889e-18 0.025)
(1.11022e-16 -1.38778e-17 0.025)
(-1.11022e-16 0 0.025)
(-1.11022e-16 -1.38778e-17 0.025)
(-1.11022e-16 -1.38778e-17 0.025)
(0 0 0)
(0 0 0)
(0 0 0)
(0 0 0)
(0 0 0)
(0 0 0)
(0 0 0)
(0 0 0)
(0 0 0)
(0 0 0)
(0 0 0)
(0 0 0)
(0 0 0)
(0 0 0)
(0 0 0)
(0 0 0)
(0 0 0)
(0 0 0)
(0 0 0)
(0 0 0)
(0 -1.38778e-17 0.025)
(0 -2.77556e-17 0.025)
(-1.11022e-16 0 0.025)
(0 0 0.025)
(0 0 0.025)
(0 -2.77556e-17 0.025)
(0 -5.55112e-17 0.025)
(1.11022e-16 0 0.025)
(1.11022e-16 0 0.025)
(1.11022e-16 5.55112e-17 0.025)
(0 0 0.025)
(1.11022e-16 5.55112e-17 0.025)
(0 -1.11022e-16 0.025)
(0 -5.55112e-17 0.025)
(-1.11022e-16 0 0.025)
(1.11022e-16 0 0.025)
(2.22045e-16 0 0.025)
(1.11022e-16 1.11022e-16 0.025)
(0 0 0.025)
(0 -1.11022e-16 0.025)
(0 0 0)
(0 0 0)
(0 0 0)
(0 0 0)
(0 0 0)
(0 0 0)
(0 0 0)
(0 0 0)
(0 0 0)
(0 0 0)
(0 0 0)
(0 0 0)
(0 0 0)
(0 0 0)
(0 0 0)
(0 0 0)
(0 0 0)
(0 0 0)
(0 0 0)
(0 0 0)
(0 0 0.025)
(2.22045e-16 0 0.025)
(2.22045e-16 0 0.025)
(-2.22045e-16 0 0.025)
(0 0 0.025)
(4.44089e-16 0 0.025)
(0 0 0.025)
(2.22045e-16 0 0.025)
(0 0 0.025)
(2.22045e-16 0 0.025)
(4.44089e-16 0 0.025)
(0 0 0.025)
(4.44089e-16 0 0.025)
(4.44089e-16 1.11022e-16 0.025)
(-8.88178e-16 -1.66533e-16 0.025)
(-4.44089e-16 0 0.025)
(-4.44089e-16 0 0.025)
(0 0 0.025)
(0 -5.55112e-17 0.025)
(0 5.55112e-17 0.025)
(0 0 0)
(0 0 0)
(0 0 0)
(0 0 0)
(0 0 0)
(0 0 0)
(0 0 0)
(0 0 0)
(0 0 0)
(0 0 0)
(0 0 0)
(0 0 0)
(0 0 0)
(0 0 0)
(0 0 0)
(0 0 0)
(0 0 0)
(0 0 0)
(0 0 0)
(0 0 0)
(-8.88178e-16 0 0.025)
(0 -5.55112e-17 0.025)
(4.44089e-16 -5.55112e-17 0.025)
(-8.88178e-16 -5.55112e-17 0.025)
(-1.33227e-15 -1.66533e-16 0.025)
(-4.44089e-16 -5.55112e-17 0.025)
(0 1.11022e-16 0.025)
(8.88178e-16 1.11022e-16 0.025)
(4.44089e-16 1.11022e-16 0.025)
(0 5.55112e-17 0.025)
(8.88178e-16 1.11022e-16 0.025)
(0 2.77556e-17 0.025)
(4.44089e-16 0 0.025)
(-4.44089e-16 -2.77556e-17 0.025)
(4.44089e-16 2.77556e-17 0.025)
(0 0 0.025)
(-8.88178e-16 -2.77556e-17 0.025)
(-4.44089e-16 0 0.025)
(-4.44089e-16 -1.38778e-17 0.025)
(0 0 0.025)
(0 0 0)
(0 0 0)
(0 0 0)
(0 0 0)
(0 0 0)
(0 0 0)
(0 0 0)
(0 0 0)
(0 0 0)
(0 0 0)
(0 0 0)
(0 0 0)
(0 0 0)
(0 0 0)
(0 0 0)
(0 0 0)
(0 0 0)
(0 0 0)
(0 0 0)
(0 0 0)
(4.44089e-16 0 0.025)
(4.44089e-16 2.08167e-17 0.025)
(0 0 0.025)
(-4.44089e-16 0 0.025)
(0 6.93889e-18 0.025)
(4.44089e-16 6.93889e-18 0.025)
(-4.44089e-16 6.93889e-18 0.025)
(4.44089e-16 6.93889e-18 0.025)
(0 6.93889e-18 0.025)
(4.44089e-16 6.93889e-18 0.025)
(0 0 0.025)
(-4.44089e-16 0 0.025)
(8.88178e-16 6.93889e-18 0.025)
(-4.44089e-16 0 0.025)
(4.44089e-16 6.93889e-18 0.025)
(4.44089e-16 6.93889e-18 0.025)
(8.88178e-16 6.93889e-18 0.025)
(0 -6.93889e-18 0.025)
(0 0 0.025)
(-4.44089e-16 -6.93889e-18 0.025)
(0 0 0)
(0 0 0)
(0 0 0)
(0 0 0)
(0 0 0)
(0 0 0)
(0 0 0)
(0 0 0)
(0 0 0)
(0 0 0)
(0 0 0)
(0 0 0)
(0 0 0)
(0 0 0)
(0 0 0)
(0 0 0)
(0 0 0)
(0 0 0)
(0 0 0)
(0 0 0)
(-2.22045e-16 0 0.025)
(2.22045e-16 1.38778e-17 0.025)
(0 0 0.025)
(-2.22045e-16 -6.93889e-18 0.025)
(-2.22045e-16 0 0.025)
(-2.22045e-16 -6.93889e-18 0.025)
(-2.22045e-16 -6.93889e-18 0.025)
(0 -1.38778e-17 0.025)
(2.22045e-16 0 0.025)
(0 0 0.025)
(-1.11022e-16 -1.38778e-17 0.025)
(-1.11022e-16 -6.93889e-18 0.025)
(-1.11022e-16 -1.38778e-17 0.025)
(0 0 0.025)
(1.11022e-16 0 0.025)
(0 0 0.025)
(0 -1.38778e-17 0.025)
(1.11022e-16 0 0.025)
(0 -5.55112e-17 0.025)
(-1.11022e-16 0 0.025)
(0 0 0)
(0 0 0)
(0 0 0)
(0 0 0)
(0 0 0)
(0 0 0)
(0 0 0)
(0 0 0)
(0 0 0)
(0 0 0)
(0 0 0)
(0 0 0)
(0 0 0)
(0 0 0)
(0 0 0)
(0 0 0)
(0 0 0)
(0 0 0)
(0 0 0)
(0 0 0)
)
;
    }
    topWall
    {
        type            calculated;
        value           nonuniform List<vector> 
1600
(
(6.92722e-310 6.92722e-310 4.65723e-310)
(4.65723e-310 3.15 1.86962)
(1.975 3.15 1.85161)
(1.975 3.15 1.83179)
(1.975 3.15 1.80999)
(1.975 3.15 1.78602)
(1.975 3.15 1.75964)
(1.975 3.15 1.73062)
(1.975 3.15 1.6987)
(1.975 3.15 1.66358)
(1.975 3.15 1.62496)
(1.975 3.05 1.62496)
(1.975 2.95 1.62496)
(1.975 2.85 1.62496)
(1.975 2.75 1.62496)
(1.975 2.65 1.62496)
(1.975 2.55 1.62496)
(1.975 2.45 1.62496)
(1.975 2.35 1.62496)
(1.975 2.25 1.62496)
(6.94241e-310 4.63997e-310 4.63997e-310)
(4.63997e-310 0.0477115 0)
(-2.77556e-17 0.0477115 0)
(-5.55112e-17 0.0477115 0)
(-5.55112e-17 0.0477115 -2.22045e-16)
(0 0.0477115 0)
(1.11022e-16 0.0477115 2.22045e-16)
(-1.11022e-16 0.0477115 0)
(-1.11022e-16 0.0477115 0)
(1.11022e-16 0.0477115 0)
(-2.22045e-16 0.0477115 -2.22045e-16)
(-2.22045e-16 0.0477115 0)
(-4.44089e-16 0.0477115 -2.22045e-16)
(-2.22045e-16 0.0477115 2.22045e-16)
(2.22045e-16 0.0477115 0)
(-2.22045e-16 0.0477115 0)
(4.44089e-16 0.0477115 2.22045e-16)
(0 0.0477115 -2.22045e-16)
(2.22045e-16 0.0477115 2.22045e-16)
(-2.22045e-16 0.0477115 -2.22045e-16)
(1.975 2.15 1.62496)
(1.975 2.05 1.62496)
(1.975 1.95 1.62496)
(1.975 1.85 1.62496)
(1.975 1.75 1.62496)
(1.975 1.65 1.62496)
(1.975 1.55 1.62496)
(1.975 1.45 1.62496)
(1.975 1.35 1.62496)
(1.975 1.25 1.62496)
(1.975 1.15 1.62496)
(1.975 1.05 1.62496)
(1.975 0.95 1.62496)
(1.975 0.95 1.66358)
(1.975 0.95 1.6987)
(1.975 0.95 1.73062)
(1.975 0.95 1.75964)
(1.975 0.95 1.78602)
(1.975 0.95 1.80999)
(1.975 0.95 1.83179)
(-8.88178e-16 0.0477115 0)
(4.44089e-16 0.0477115 2.22045e-16)
(4.44089e-16 0.0477115 -2.22045e-16)
(-4.44089e-16 0.0477115 0)
(0 0.0477115 2.22045e-16)
(-4.44089e-16 0.0477115 2.22045e-16)
(-4.44089e-16 0.0477115 2.22045e-16)
(-4.44089e-16 0.0477115 -2.22045e-16)
(-4.44089e-16 0.0477115 0)
(0 0.0477115 2.22045e-16)
(-4.44089e-16 0.0477115 0)
(-4.44089e-16 0.0477115 2.22045e-16)
(-4.44089e-16 0.0477115 -2.22045e-16)
(-4.44089e-16 0.0477115 0)
(0 0.0477115 2.22045e-16)
(-8.88178e-16 0.0477115 0)
(-8.88178e-16 0.0477115 0)
(0 0.0477115 -2.22045e-16)
(4.44089e-16 0.0477115 2.22045e-16)
(-4.44089e-16 0.0477115 0)
(1.975 0.95 1.85161)
(1.975 0.95 1.86962)
(1.975 0.95 1.88599)
(1.975 0.95 1.90087)
(1.975 0.95 1.9144)
(1.975 0.95 1.9267)
(1.975 1.05 1.9267)
(1.975 1.15 1.9267)
(1.975 1.25 1.9267)
(1.975 1.35 1.9267)
(1.975 1.45 1.9267)
(1.975 1.55 1.9267)
(1.975 1.65 1.9267)
(1.975 1.75 1.9267)
(1.975 1.85 1.9267)
(1.975 1.95 1.9267)
(1.975 2.05 1.9267)
(1.975 2.15 1.9267)
(1.975 2.25 1.9267)
(1.975 2.35 1.9267)
(-6.93889e-18 0.0477115 -2.22045e-16)
(0 0.0477115 2.22045e-16)
(0 0.0477115 2.22045e-16)
(-1.11022e-16 0.0477115 -2.22045e-16)
(-5.55112e-17 0.0477115 -2.22045e-16)
(1.11022e-16 0.0477115 2.22045e-16)
(0 0.0477115 0)
(2.22045e-16 0.0477115 0)
(1.11022e-16 0.0477115 0)
(1.11022e-16 0.0477115 -2.22045e-16)
(0 0.0477115 -2.22045e-16)
(2.22045e-16 0.0477115 2.22045e-16)
(0 0.0477115 0)
(0 0.0477115 2.22045e-16)
(2.22045e-16 0.0477115 0)
(2.22045e-16 0.0477115 2.22045e-16)
(4.44089e-16 0.0477115 2.22045e-16)
(-2.22045e-16 0.0477115 -2.22045e-16)
(0 0.0477115 2.22045e-16)
(2.22045e-16 0.0477115 0)
(1.975 2.45 1.9267)
(1.975 2.55 1.9267)
(1.975 2.65 1.9267)
(1.975 2.75 1.9267)
(1.975 2.85 1.9267)
(1.975 2.95 1.9267)
(1.975 3.05 1.9267)
(1.975 3.05 1.9144)
(1.975 3.05 1.90087)
(1.975 3.05 1.88599)
(1.975 3.05 1.86962)
(1.975 3.05 1.85161)
(1.975 3.05 1.83179)
(1.975 3.05 1.80999)
(1.975 3.05 1.78602)
(1.975 3.05 1.75964)
(1.975 3.05 1.73062)
(1.975 3.05 1.6987)
(1.975 3.05 1.66358)
(1.975 2.95 1.66358)
(4.44089e-16 0.0477115 0)
(0 0.0477115 0)
(4.44089e-16 0.0477115 -2.22045e-16)
(-4.44089e-16 0.0477115 0)
(4.44089e-16 0.0477115 0)
(-4.44089e-16 0.0477115 0)
(0 0.0477115 0)
(-4.44089e-16 0.0477115 -2.22045e-16)
(0 0.0477115 0)
(4.44089e-16 0.0477115 0)
(4.44089e-16 0.0477115 -2.22045e-16)
(-4.44089e-16 0.0477115 -2.22045e-16)
(-4.44089e-16 0.0477115 -2.22045e-16)
(0 0.0477115 0)
(0 0.0477115 0)
(-4.44089e-16 0.0477115 0)
(0 0.0477115 0)
(0 0.0477115 -2.22045e-16)
(4.44089e-16 0.0477115 0)
(8.88178e-16 0.0477115 0)
(1.975 2.85 1.66358)
(1.975 2.75 1.66358)
(1.975 2.65 1.66358)
(1.975 2.55 1.66358)
(1.975 2.45 1.66358)
(1.975 2.35 1.66358)
(1.975 2.25 1.66358)
(1.975 2.15 1.66358)
(1.975 2.05 1.66358)
(1.975 1.95 1.66358)
(1.975 1.85 1.66358)
(1.975 1.75 1.66358)
(1.975 1.65 1.66358)
(1.975 1.55 1.66358)
(1.975 1.45 1.66358)
(1.975 1.35 1.66358)
(1.975 1.25 1.66358)
(1.975 1.15 1.66358)
(1.975 1.05 1.66358)
(1.975 1.05 1.6987)
(0 0.0477115 0)
(-2.77556e-17 0.0477115 0)
(0 0.0477115 0)
(-1.11022e-16 0.0477115 2.22045e-16)
(0 0.0477115 2.22045e-16)
(-1.11022e-16 0.0477115 0)
(0 0.0477115 0)
(1.11022e-16 0.0477115 4.44089e-16)
(-2.22045e-16 0.0477115 0)
(0 0.0477115 0)
(2.22045e-16 0.0477115 4.44089e-16)
(-2.22045e-16 0.0477115 0)
(0 0.0477115 2.22045e-16)
(2.22045e-16 0.0477115 0)
(-4.44089e-16 0.0477115 -2.22045e-16)
(-2.22045e-16 0.0477115 0)
(0 0.0477115 0)
(-2.22045e-16 0.0477115 2.22045e-16)
(2.22045e-16 0.0477115 0)
(-2.22045e-16 0.0477115 0)
(1.975 1.05 1.73062)
(1.975 1.05 1.75964)
(1.975 1.05 1.78602)
(1.975 1.05 1.80999)
(1.975 1.05 1.83179)
(1.975 1.05 1.85161)
(1.975 1.05 1.86962)
(1.975 1.05 1.88599)
(1.975 1.05 1.90087)
(1.975 1.05 1.9144)
(1.975 1.15 1.9144)
(1.975 1.25 1.9144)
(1.975 1.35 1.9144)
(1.975 1.45 1.9144)
(1.975 1.55 1.9144)
(1.975 1.65 1.9144)
(1.975 1.75 1.9144)
(1.975 1.85 1.9144)
(1.975 1.95 1.9144)
(1.975 2.05 1.9144)
(-4.44089e-16 0.0477115 2.22045e-16)
(0 0.0477115 2.22045e-16)
(0 0.0477115 -2.22045e-16)
(0 0.0477115 2.22045e-16)
(0 0.0477115 2.22045e-16)
(-4.44089e-16 0.0477115 2.22045e-16)
(0 0.0477115 2.22045e-16)
(0 0.0477115 -2.22045e-16)
(0 0.0477115 0)
(4.44089e-16 0.0477115 2.22045e-16)
(-4.44089e-16 0.0477115 0)
(-4.44089e-16 0.0477115 0)
(-4.44089e-16 0.0477115 -4.44089e-16)
(0 0.0477115 2.22045e-16)
(4.44089e-16 0.0477115 2.22045e-16)
(-4.44089e-16 0.0477115 0)
(-8.88178e-16 0.0477115 0)
(-4.44089e-16 0.0477115 -2.22045e-16)
(0 0.0477115 2.22045e-16)
(1.33227e-15 0.0477115 2.22045e-16)
(1.975 2.15 1.9144)
(1.975 2.25 1.9144)
(1.975 2.35 1.9144)
(1.975 2.45 1.9144)
(1.975 2.55 1.9144)
(1.975 2.65 1.9144)
(1.975 2.75 1.9144)
(1.975 2.85 1.9144)
(1.975 2.95 1.9144)
(1.975 2.95 1.90087)
(1.975 2.95 1.88599)
(1.975 2.95 1.86962)
(1.975 2.95 1.85161)
(1.975 2.95 1.83179)
(1.975 2.95 1.80999)
(1.975 2.95 1.78602)
(1.975 2.95 1.75964)
(1.975 2.95 1.73062)
(1.975 2.95 1.6987)
(1.975 2.85 1.6987)
(0 0.0477115 4.44089e-16)
(0 0.0477115 0)
(-2.77556e-17 0.0477115 -2.22045e-16)
(-5.55112e-17 0.0477115 2.22045e-16)
(5.55112e-17 0.0477115 -2.22045e-16)
(1.11022e-16 0.0477115 0)
(1.11022e-16 0.0477115 0)
(0 0.0477115 0)
(0 0.0477115 0)
(2.22045e-16 0.0477115 0)
(0 0.0477115 0)
(0 0.0477115 0)
(2.22045e-16 0.0477115 0)
(0 0.0477115 0)
(2.22045e-16 0.0477115 0)
(4.44089e-16 0.0477115 0)
(-2.22045e-16 0.0477115 -2.22045e-16)
(0 0.0477115 0)
(0 0.0477115 0)
(0 0.0477115 -2.22045e-16)
(1.975 2.75 1.6987)
(1.975 2.65 1.6987)
(1.975 2.55 1.6987)
(1.975 2.45 1.6987)
(1.975 2.35 1.6987)
(1.975 2.25 1.6987)
(1.975 2.15 1.6987)
(1.975 2.05 1.6987)
(1.975 1.95 1.6987)
(1.975 1.85 1.6987)
(1.975 1.75 1.6987)
(1.975 1.65 1.6987)
(1.975 1.55 1.6987)
(1.975 1.45 1.6987)
(1.975 1.35 1.6987)
(1.975 1.25 1.6987)
(1.975 1.15 1.6987)
(1.975 1.15 1.73062)
(1.975 1.15 1.75964)
(1.975 1.15 1.78602)
(4.44089e-16 0.0477115 -2.22045e-16)
(0 0.0477115 -2.22045e-16)
(0 0.0477115 0)
(0 0.0477115 0)
(4.44089e-16 0.0477115 0)
(-4.44089e-16 0.0477115 0)
(0 0.0477115 0)
(0 0.0477115 0)
(-4.44089e-16 0.0477115 0)
(8.88178e-16 0.0477115 0)
(8.88178e-16 0.0477115 0)
(-4.44089e-16 0.0477115 -2.22045e-16)
(-4.44089e-16 0.0477115 -2.22045e-16)
(0 0.0477115 0)
(0 0.0477115 -2.22045e-16)
(-4.44089e-16 0.0477115 -2.22045e-16)
(0 0.0477115 0)
(-8.88178e-16 0.0477115 0)
(4.44089e-16 0.0477115 0)
(0 0.0477115 -2.22045e-16)
(1.975 1.15 1.80999)
(1.975 1.15 1.83179)
(1.975 1.15 1.85161)
(1.975 1.15 1.86962)
(1.975 1.15 1.88599)
(1.975 1.15 1.90087)
(1.975 1.25 1.90087)
(1.975 1.35 1.90087)
(1.975 1.45 1.90087)
(1.975 1.55 1.90087)
(1.975 1.65 1.90087)
(1.975 1.75 1.90087)
(1.975 1.85 1.90087)
(1.975 1.95 1.90087)
(1.975 2.05 1.90087)
(1.975 2.15 1.90087)
(1.975 2.25 1.90087)
(1.975 2.35 1.90087)
(1.975 2.45 1.90087)
(1.975 2.55 1.90087)
(-6.93889e-18 0.0477115 2.22045e-16)
(0 0.0477115 2.22045e-16)
(0 0.0477115 2.22045e-16)
(-5.55112e-17 0.0477115 0)
(-5.55112e-17 0.0477115 -2.22045e-16)
(2.22045e-16 0.0477115 0)
(1.11022e-16 0.0477115 2.22045e-16)
(1.11022e-16 0.0477115 2.22045e-16)
(0 0.0477115 0)
(2.22045e-16 0.0477115 0)
(2.22045e-16 0.0477115 2.22045e-16)
(2.22045e-16 0.0477115 0)
(2.22045e-16 0.0477115 4.44089e-16)
(0 0.0477115 0)
(2.22045e-16 0.0477115 2.22045e-16)
(0 0.0477115 -2.22045e-16)
(4.44089e-16 0.0477115 0)
(0 0.0477115 2.22045e-16)
(0 0.0477115 0)
(2.22045e-16 0.0477115 2.22045e-16)
(1.975 2.65 1.90087)
(1.975 2.75 1.90087)
(1.975 2.85 1.90087)
(1.975 2.85 1.88599)
(1.975 2.85 1.86962)
(1.975 2.85 1.85161)
(1.975 2.85 1.83179)
(1.975 2.85 1.80999)
(1.975 2.85 1.78602)
(1.975 2.85 1.75964)
(1.975 2.85 1.73062)
(1.975 2.75 1.73062)
(1.975 2.65 1.73062)
(1.975 2.55 1.73062)
(1.975 2.45 1.73062)
(1.975 2.35 1.73062)
(1.975 2.25 1.73062)
(1.975 2.15 1.73062)
(1.975 2.05 1.73062)
(1.975 1.95 1.73062)
(0 0.0477115 -2.22045e-16)
(4.44089e-16 0.0477115 2.22045e-16)
(4.44089e-16 0.0477115 0)
(-4.44089e-16 0.0477115 2.22045e-16)
(0 0.0477115 2.22045e-16)
(-4.44089e-16 0.0477115 0)
(-4.44089e-16 0.0477115 2.22045e-16)
(4.44089e-16 0.0477115 0)
(0 0.0477115 2.22045e-16)
(0 0.0477115 2.22045e-16)
(4.44089e-16 0.0477115 0)
(-1.33227e-15 0.0477115 0)
(-4.44089e-16 0.0477115 0)
(0 0.0477115 2.22045e-16)
(0 0.0477115 2.22045e-16)
(-4.44089e-16 0.0477115 0)
(-4.44089e-16 0.0477115 2.22045e-16)
(0 0.0477115 0)
(0 0.0477115 2.22045e-16)
(8.88178e-16 0.0477115 4.44089e-16)
(1.975 1.85 1.73062)
(1.975 1.75 1.73062)
(1.975 1.65 1.73062)
(1.975 1.55 1.73062)
(1.975 1.45 1.73062)
(1.975 1.35 1.73062)
(1.975 1.25 1.73062)
(1.975 1.25 1.75964)
(1.975 1.25 1.78602)
(1.975 1.25 1.80999)
(1.975 1.25 1.83179)
(1.975 1.25 1.85161)
(1.975 1.25 1.86962)
(1.975 1.25 1.88599)
(1.975 1.35 1.88599)
(1.975 1.45 1.88599)
(1.975 1.55 1.88599)
(1.975 1.65 1.88599)
(1.975 1.75 1.88599)
(1.975 1.85 1.88599)
(0 0.0477115 0)
(-2.77556e-17 0.0477115 0)
(-2.77556e-17 0.0477115 -2.22045e-16)
(-5.55112e-17 0.0477115 -2.22045e-16)
(0 0.0477115 -2.22045e-16)
(0 0.0477115 2.22045e-16)
(0 0.0477115 0)
(-1.11022e-16 0.0477115 0)
(-1.11022e-16 0.0477115 0)
(0 0.0477115 -2.22045e-16)
(0 0.0477115 -2.22045e-16)
(-2.22045e-16 0.0477115 -2.22045e-16)
(-2.22045e-16 0.0477115 -2.22045e-16)
(-2.22045e-16 0.0477115 -4.44089e-16)
(2.22045e-16 0.0477115 0)
(-2.22045e-16 0.0477115 -4.44089e-16)
(4.44089e-16 0.0477115 -2.22045e-16)
(4.44089e-16 0.0477115 0)
(0 0.0477115 -2.22045e-16)
(-2.22045e-16 0.0477115 0)
(1.975 1.95 1.88599)
(1.975 2.05 1.88599)
(1.975 2.15 1.88599)
(1.975 2.25 1.88599)
(1.975 2.35 1.88599)
(1.975 2.45 1.88599)
(1.975 2.55 1.88599)
(1.975 2.65 1.88599)
(1.975 2.75 1.88599)
(1.975 2.75 1.86962)
(1.975 2.75 1.85161)
(1.975 2.75 1.83179)
(1.975 2.75 1.80999)
(1.975 2.75 1.78602)
(1.975 2.75 1.75964)
(1.975 2.65 1.75964)
(1.975 2.55 1.75964)
(1.975 2.45 1.75964)
(1.975 2.35 1.75964)
(1.975 2.25 1.75964)
(-4.44089e-16 0.0477115 -4.44089e-16)
(0 0.0477115 -2.22045e-16)
(4.44089e-16 0.0477115 -2.22045e-16)
(-4.44089e-16 0.0477115 -2.22045e-16)
(0 0.0477115 -2.22045e-16)
(-1.33227e-15 0.0477115 -6.66134e-16)
(-1.33227e-15 0.0477115 -6.66134e-16)
(4.44089e-16 0.0477115 -2.22045e-16)
(-8.88178e-16 0.0477115 -6.66134e-16)
(0 0.0477115 -2.22045e-16)
(-4.44089e-16 0.0477115 -6.66134e-16)
(-1.77636e-15 0.0477115 -6.66134e-16)
(0 0.0477115 -2.22045e-16)
(0 0.0477115 -2.22045e-16)
(0 0.0477115 -2.22045e-16)
(-4.44089e-16 0.0477115 -4.44089e-16)
(-8.88178e-16 0.0477115 -2.22045e-16)
(4.44089e-16 0.0477115 -2.22045e-16)
(-8.88178e-16 0.0477115 -6.66134e-16)
(-4.44089e-16 0.0477115 0)
(1.975 2.15 1.75964)
(1.975 2.05 1.75964)
(1.975 1.95 1.75964)
(1.975 1.85 1.75964)
(1.975 1.75 1.75964)
(1.975 1.65 1.75964)
(1.975 1.55 1.75964)
(1.975 1.45 1.75964)
(1.975 1.35 1.75964)
(1.975 1.35 1.78602)
(1.975 1.35 1.80999)
(1.975 1.35 1.83179)
(1.975 1.35 1.85161)
(1.975 1.35 1.86962)
(1.975 1.45 1.86962)
(1.975 1.55 1.86962)
(1.975 1.65 1.86962)
(1.975 1.75 1.86962)
(1.975 1.85 1.86962)
(1.975 1.95 1.86962)
(0 0.0477115 2.22045e-16)
(0 0.0477115 2.22045e-16)
(-2.77556e-17 0.0477115 0)
(5.55112e-17 0.0477115 0)
(5.55112e-17 0.0477115 0)
(0 0.0477115 2.22045e-16)
(1.11022e-16 0.0477115 4.44089e-16)
(1.11022e-16 0.0477115 0)
(-1.11022e-16 0.0477115 2.22045e-16)
(2.22045e-16 0.0477115 2.22045e-16)
(0 0.0477115 0)
(0 0.0477115 0)
(0 0.0477115 0)
(0 0.0477115 0)
(2.22045e-16 0.0477115 2.22045e-16)
(2.22045e-16 0.0477115 0)
(-2.22045e-16 0.0477115 -2.22045e-16)
(2.22045e-16 0.0477115 0)
(0 0.0477115 0)
(-2.22045e-16 0.0477115 0)
(1.975 2.05 1.86962)
(1.975 2.15 1.86962)
(1.975 2.25 1.86962)
(1.975 2.35 1.86962)
(1.975 2.45 1.86962)
(1.975 2.55 1.86962)
(1.975 2.65 1.86962)
(1.975 2.65 1.85161)
(1.975 2.65 1.83179)
(1.975 2.65 1.80999)
(1.975 2.65 1.78602)
(1.975 2.55 1.78602)
(1.975 2.45 1.78602)
(1.975 2.35 1.78602)
(1.975 2.25 1.78602)
(1.975 2.15 1.78602)
(1.975 2.05 1.78602)
(1.975 1.95 1.78602)
(1.975 1.85 1.78602)
(1.975 1.75 1.78602)
(0 0.0477115 -4.44089e-16)
(4.44089e-16 0.0477115 -2.22045e-16)
(4.44089e-16 0.0477115 2.22045e-16)
(-4.44089e-16 0.0477115 0)
(0 0.0477115 -2.22045e-16)
(-4.44089e-16 0.0477115 0)
(-4.44089e-16 0.0477115 0)
(-4.44089e-16 0.0477115 0)
(4.44089e-16 0.0477115 0)
(0 0.0477115 -2.22045e-16)
(4.44089e-16 0.0477115 0)
(-1.33227e-15 0.0477115 -4.44089e-16)
(-4.44089e-16 0.0477115 0)
(0 0.0477115 -2.22045e-16)
(0 0.0477115 -2.22045e-16)
(-4.44089e-16 0.0477115 -2.22045e-16)
(-4.44089e-16 0.0477115 0)
(0 0.0477115 2.22045e-16)
(4.44089e-16 0.0477115 0)
(0 0.0477115 0)
(1.975 1.65 1.78602)
(1.975 1.55 1.78602)
(1.975 1.45 1.78602)
(1.975 1.45 1.80999)
(1.975 1.45 1.83179)
(1.975 1.45 1.85161)
(1.975 1.55 1.85161)
(1.975 1.65 1.85161)
(1.975 1.75 1.85161)
(1.975 1.85 1.85161)
(1.975 1.95 1.85161)
(1.975 2.05 1.85161)
(1.975 2.15 1.85161)
(1.975 2.25 1.85161)
(1.975 2.35 1.85161)
(1.975 2.45 1.85161)
(1.975 2.55 1.85161)
(1.975 2.55 1.83179)
(1.975 2.55 1.80999)
(1.975 2.45 1.80999)
(0 0.0477115 0)
(0 0.0477115 0)
(2.77556e-17 0.0477115 0)
(-1.11022e-16 0.0477115 0)
(0 0.0477115 0)
(-1.11022e-16 0.0477115 2.22045e-16)
(1.11022e-16 0.0477115 0)
(1.11022e-16 0.0477115 2.22045e-16)
(-2.22045e-16 0.0477115 0)
(1.11022e-16 0.0477115 0)
(2.22045e-16 0.0477115 2.22045e-16)
(0 0.0477115 2.22045e-16)
(0 0.0477115 -2.22045e-16)
(4.44089e-16 0.0477115 2.22045e-16)
(-4.44089e-16 0.0477115 -2.22045e-16)
(0 0.0477115 0)
(2.22045e-16 0.0477115 4.44089e-16)
(0 0.0477115 2.22045e-16)
(2.22045e-16 0.0477115 0)
(-2.22045e-16 0.0477115 -4.44089e-16)
(1.975 2.35 1.80999)
(1.975 2.25 1.80999)
(1.975 2.15 1.80999)
(1.975 2.05 1.80999)
(1.975 1.95 1.80999)
(1.975 1.85 1.80999)
(1.975 1.75 1.80999)
(1.975 1.65 1.80999)
(1.975 1.55 1.80999)
(1.975 1.55 1.83179)
(1.975 1.65 1.83179)
(1.975 1.75 1.83179)
(1.975 1.85 1.83179)
(1.975 1.95 1.83179)
(1.975 2.05 1.83179)
(1.975 2.15 1.83179)
(1.975 2.25 1.83179)
(1.975 2.35 1.83179)
(1.975 2.45 1.83179)
(1.975 1.81855e-311 9.0913e-320)
(0 0.0477115 0)
(-4.44089e-16 0.0477115 2.22045e-16)
(4.44089e-16 0.0477115 2.22045e-16)
(0 0.0477115 2.22045e-16)
(0 0.0477115 2.22045e-16)
(-8.88178e-16 0.0477115 -2.22045e-16)
(4.44089e-16 0.0477115 0)
(8.88178e-16 0.0477115 -2.22045e-16)
(0 0.0477115 -2.22045e-16)
(0 0.0477115 -2.22045e-16)
(4.44089e-16 0.0477115 -2.22045e-16)
(-4.44089e-16 0.0477115 -2.22045e-16)
(0 0.0477115 0)
(-8.88178e-16 0.0477115 -2.22045e-16)
(0 0.0477115 -2.22045e-16)
(0 0.0477115 -2.22045e-16)
(-4.44089e-16 0.0477115 -2.22045e-16)
(4.44089e-16 0.0477115 -2.22045e-16)
(-4.44089e-16 0.0477115 -2.22045e-16)
(0 0.0477115 -2.22045e-16)
(4.65723e-310 4.65723e-310 4.65723e-310)
(4.65723e-310 1.83128e-311 1.8334e-311)
(1.83553e-311 1.83765e-311 1.83977e-311)
(1.84189e-311 1.84401e-311 1.84614e-311)
(1.84826e-311 1.85038e-311 1.8525e-311)
(1.85462e-311 1.85675e-311 1.85887e-311)
(1.86099e-311 1.86311e-311 1.86523e-311)
(1.86736e-311 1.86948e-311 1.8716e-311)
(1.87372e-311 1.87584e-311 1.87797e-311)
(1.88009e-311 1.88221e-311 1.88433e-311)
(1.88645e-311 1.88858e-311 1.8907e-311)
(1.89282e-311 1.89494e-311 1.89706e-311)
(1.89919e-311 1.90131e-311 1.90343e-311)
(1.90555e-311 1.90767e-311 1.9098e-311)
(1.91192e-311 1.91404e-311 1.91616e-311)
(1.91828e-311 1.92041e-311 1.92253e-311)
(1.92465e-311 1.92677e-311 1.92889e-311)
(1.93102e-311 1.93314e-311 1.93526e-311)
(1.93738e-311 1.9395e-311 1.94163e-311)
(1.94375e-311 1.94587e-311 1.94799e-311)
(0 0.0477115 2.22045e-16)
(0 0.0477115 0)
(-2.77556e-17 0.0477115 0)
(5.55112e-17 0.0477115 0)
(1.11022e-16 0.0477115 0)
(1.11022e-16 0.0477115 4.44089e-16)
(0 0.0477115 2.22045e-16)
(1.11022e-16 0.0477115 -4.44089e-16)
(-1.11022e-16 0.0477115 4.44089e-16)
(1.11022e-16 0.0477115 2.22045e-16)
(0 0.0477115 -2.22045e-16)
(0 0.0477115 0)
(0 0.0477115 2.22045e-16)
(2.22045e-16 0.0477115 2.22045e-16)
(2.22045e-16 0.0477115 2.22045e-16)
(2.22045e-16 0.0477115 2.22045e-16)
(-2.22045e-16 0.0477115 -2.22045e-16)
(2.22045e-16 0.0477115 -2.22045e-16)
(0 0.0477115 2.22045e-16)
(-2.22045e-16 0.0477115 -2.22045e-16)
(1.95224e-311 1.95436e-311 1.95648e-311)
(1.9586e-311 1.96072e-311 1.96285e-311)
(1.96497e-311 1.96709e-311 1.96921e-311)
(1.97133e-311 1.97346e-311 1.97558e-311)
(1.9777e-311 1.97982e-311 1.98194e-311)
(1.98407e-311 1.98619e-311 1.98831e-311)
(1.99043e-311 1.99255e-311 1.99468e-311)
(1.9968e-311 1.99892e-311 2.00104e-311)
(2.00316e-311 2.00529e-311 2.00741e-311)
(2.00953e-311 2.01165e-311 2.01377e-311)
(2.0159e-311 2.01802e-311 2.02014e-311)
(2.02226e-311 2.02438e-311 2.02651e-311)
(2.02863e-311 2.03075e-311 2.03287e-311)
(2.03499e-311 2.03712e-311 2.03924e-311)
(2.04136e-311 2.04348e-311 2.0456e-311)
(2.04773e-311 2.04985e-311 2.05197e-311)
(2.05409e-311 2.05621e-311 2.05834e-311)
(2.06046e-311 2.06258e-311 2.0647e-311)
(2.06682e-311 2.06895e-311 2.07107e-311)
(2.07319e-311 2.07531e-311 2.07743e-311)
(4.44089e-16 0.0477115 -2.22045e-16)
(0 0.0477115 -2.22045e-16)
(4.44089e-16 0.0477115 2.22045e-16)
(-4.44089e-16 0.0477115 0)
(4.44089e-16 0.0477115 0)
(-4.44089e-16 0.0477115 -2.22045e-16)
(0 0.0477115 -2.22045e-16)
(-4.44089e-16 0.0477115 2.22045e-16)
(-4.44089e-16 0.0477115 -2.22045e-16)
(4.44089e-16 0.0477115 0)
(0 0.0477115 -2.22045e-16)
(-1.33227e-15 0.0477115 -4.44089e-16)
(0 0.0477115 2.22045e-16)
(-4.44089e-16 0.0477115 -2.22045e-16)
(0 0.0477115 -2.22045e-16)
(-4.44089e-16 0.0477115 -2.22045e-16)
(-4.44089e-16 0.0477115 -2.22045e-16)
(-4.44089e-16 0.0477115 2.22045e-16)
(4.44089e-16 0.0477115 -2.22045e-16)
(0 0.0477115 2.22045e-16)
(2.07956e-311 2.08168e-311 2.0838e-311)
(2.08592e-311 2.08804e-311 2.09017e-311)
(2.09229e-311 2.09441e-311 2.09653e-311)
(2.09865e-311 2.10078e-311 2.1029e-311)
(2.10502e-311 2.10714e-311 2.10926e-311)
(2.11139e-311 2.11351e-311 2.11563e-311)
(2.11775e-311 2.122e-311 2.12412e-311)
(2.12624e-311 2.12836e-311 2.13048e-311)
(2.13261e-311 2.13473e-311 2.13685e-311)
(2.13897e-311 2.14109e-311 2.14322e-311)
(2.14534e-311 2.14746e-311 2.14958e-311)
(2.1517e-311 2.15383e-311 2.15595e-311)
(2.15807e-311 2.16019e-311 2.16231e-311)
(2.16444e-311 2.16656e-311 2.16868e-311)
(2.1708e-311 2.17292e-311 2.17505e-311)
(2.17717e-311 2.17929e-311 2.18141e-311)
(2.18353e-311 2.18566e-311 2.18778e-311)
(2.1899e-311 2.19202e-311 2.19414e-311)
(2.19627e-311 2.19839e-311 2.20051e-311)
(2.20263e-311 2.20475e-311 2.20688e-311)
(-6.93889e-18 0.0477115 4.44089e-16)
(0 0.0477115 2.22045e-16)
(0 0.0477115 0)
(5.55112e-17 0.0477115 2.22045e-16)
(0 0.0477115 2.22045e-16)
(2.22045e-16 0.0477115 4.44089e-16)
(2.22045e-16 0.0477115 2.22045e-16)
(2.22045e-16 0.0477115 2.22045e-16)
(0 0.0477115 2.22045e-16)
(1.11022e-16 0.0477115 2.22045e-16)
(0 0.0477115 2.22045e-16)
(2.22045e-16 0.0477115 4.44089e-16)
(0 0.0477115 4.44089e-16)
(0 0.0477115 2.22045e-16)
(2.22045e-16 0.0477115 4.44089e-16)
(2.22045e-16 0.0477115 4.44089e-16)
(4.44089e-16 0.0477115 4.44089e-16)
(-2.22045e-16 0.0477115 2.22045e-16)
(0 0.0477115 2.22045e-16)
(2.22045e-16 0.0477115 2.22045e-16)
(2.209e-311 2.21112e-311 2.21324e-311)
(2.21536e-311 2.21749e-311 2.21961e-311)
(2.22173e-311 2.22385e-311 2.22597e-311)
(2.2281e-311 2.23022e-311 2.23234e-311)
(2.23446e-311 2.23658e-311 2.23871e-311)
(2.24083e-311 2.24295e-311 2.24507e-311)
(2.24719e-311 2.24932e-311 2.25144e-311)
(2.25356e-311 2.25568e-311 2.2578e-311)
(2.25993e-311 2.26205e-311 2.26417e-311)
(2.26629e-311 2.26841e-311 2.27054e-311)
(2.27266e-311 2.27478e-311 2.2769e-311)
(2.27902e-311 2.28115e-311 2.28327e-311)
(2.28539e-311 2.28751e-311 2.29176e-311)
(2.29388e-311 2.296e-311 2.29812e-311)
(2.30024e-311 2.30237e-311 2.30449e-311)
(2.30661e-311 2.30873e-311 2.31085e-311)
(2.31298e-311 2.3151e-311 2.31722e-311)
(2.31934e-311 2.32146e-311 2.32359e-311)
(2.32571e-311 2.32783e-311 2.32995e-311)
(2.33207e-311 2.3342e-311 2.33632e-311)
(4.44089e-16 0.0477115 0)
(0 0.0477115 0)
(4.44089e-16 0.0477115 0)
(-8.88178e-16 0.0477115 2.22045e-16)
(4.44089e-16 0.0477115 2.22045e-16)
(-4.44089e-16 0.0477115 2.22045e-16)
(-4.44089e-16 0.0477115 2.22045e-16)
(-4.44089e-16 0.0477115 0)
(0 0.0477115 2.22045e-16)
(4.44089e-16 0.0477115 2.22045e-16)
(4.44089e-16 0.0477115 -2.22045e-16)
(-1.33227e-15 0.0477115 0)
(-4.44089e-16 0.0477115 0)
(0 0.0477115 2.22045e-16)
(0 0.0477115 0)
(-4.44089e-16 0.0477115 2.22045e-16)
(-4.44089e-16 0.0477115 2.22045e-16)
(0 0.0477115 0)
(0 0.0477115 2.22045e-16)
(8.88178e-16 0.0477115 4.44089e-16)
(2.33844e-311 2.34056e-311 2.34268e-311)
(2.34481e-311 2.34693e-311 2.34905e-311)
(2.35117e-311 2.35329e-311 2.35542e-311)
(2.35754e-311 2.35966e-311 2.36178e-311)
(2.3639e-311 2.36603e-311 2.36815e-311)
(2.37027e-311 2.37239e-311 2.37451e-311)
(2.37664e-311 2.37876e-311 2.38088e-311)
(2.383e-311 2.38512e-311 2.38725e-311)
(2.38937e-311 2.39149e-311 2.39361e-311)
(2.39573e-311 2.39786e-311 2.39998e-311)
(2.4021e-311 2.40422e-311 2.40634e-311)
(2.40847e-311 2.41059e-311 2.41271e-311)
(2.41483e-311 2.41695e-311 2.41908e-311)
(2.4212e-311 2.42332e-311 2.42544e-311)
(2.42756e-311 2.42969e-311 2.43181e-311)
(2.43393e-311 2.43605e-311 2.43817e-311)
(2.4403e-311 2.44242e-311 2.44454e-311)
(2.44666e-311 2.44878e-311 2.45091e-311)
(2.45303e-311 2.45515e-311 2.45727e-311)
(2.46152e-311 2.46364e-311 2.46576e-311)
(0 0.0477115 0)
(-2.77556e-17 0.0477115 0)
(2.77556e-17 0.0477115 2.22045e-16)
(-1.11022e-16 0.0477115 -4.44089e-16)
(0 0.0477115 0)
(0 0.0477115 2.22045e-16)
(0 0.0477115 0)
(1.11022e-16 0.0477115 0)
(0 0.0477115 0)
(0 0.0477115 0)
(-2.22045e-16 0.0477115 0)
(-2.22045e-16 0.0477115 -2.22045e-16)
(-2.22045e-16 0.0477115 0)
(-2.22045e-16 0.0477115 0)
(0 0.0477115 0)
(-2.22045e-16 0.0477115 0)
(2.22045e-16 0.0477115 0)
(0 0.0477115 0)
(0 0.0477115 0)
(-2.22045e-16 0.0477115 -2.22045e-16)
(2.46788e-311 2.47e-311 2.47213e-311)
(2.47425e-311 2.47637e-311 2.47849e-311)
(2.48061e-311 2.48274e-311 2.48486e-311)
(2.48698e-311 2.4891e-311 2.49122e-311)
(2.49335e-311 2.49547e-311 2.49759e-311)
(2.49971e-311 2.50183e-311 2.50396e-311)
(2.50608e-311 2.5082e-311 2.51032e-311)
(2.51244e-311 2.51457e-311 2.51669e-311)
(2.51881e-311 2.52093e-311 2.52305e-311)
(2.52517e-311 2.5273e-311 2.52942e-311)
(2.53154e-311 2.53366e-311 2.53578e-311)
(2.53791e-311 2.54003e-311 2.54215e-311)
(2.54427e-311 2.54639e-311 2.54852e-311)
(2.55064e-311 2.55276e-311 2.55488e-311)
(2.557e-311 2.55913e-311 2.56125e-311)
(2.56337e-311 2.56549e-311 2.56761e-311)
(2.56974e-311 2.57186e-311 2.57398e-311)
(2.5761e-311 2.57822e-311 2.58035e-311)
(2.58247e-311 2.58459e-311 2.58671e-311)
(2.58883e-311 2.59096e-311 2.59308e-311)
(-8.88178e-16 0.0477115 -2.22045e-16)
(4.44089e-16 0.0477115 -2.22045e-16)
(4.44089e-16 0.0477115 -4.44089e-16)
(-4.44089e-16 0.0477115 0)
(0 0.0477115 0)
(-4.44089e-16 0.0477115 0)
(-4.44089e-16 0.0477115 0)
(4.44089e-16 0.0477115 0)
(-4.44089e-16 0.0477115 0)
(0 0.0477115 0)
(-4.44089e-16 0.0477115 -2.22045e-16)
(-4.44089e-16 0.0477115 0)
(-4.44089e-16 0.0477115 -2.22045e-16)
(0 0.0477115 0)
(0 0.0477115 -2.22045e-16)
(-4.44089e-16 0.0477115 -2.22045e-16)
(-4.44089e-16 0.0477115 0)
(0 0.0477115 0)
(4.44089e-16 0.0477115 0)
(-4.44089e-16 0.0477115 -2.22045e-16)
(2.5952e-311 2.59732e-311 2.59944e-311)
(2.60157e-311 2.60369e-311 2.60581e-311)
(2.60793e-311 2.61005e-311 2.61218e-311)
(2.6143e-311 2.61642e-311 2.61854e-311)
(2.62066e-311 2.62279e-311 2.62491e-311)
(2.62703e-311 2.63127e-311 2.63552e-311)
(2.63976e-311 2.64401e-311 2.64825e-311)
(2.65249e-311 2.65674e-311 2.66098e-311)
(2.66523e-311 2.66947e-311 2.67371e-311)
(2.67796e-311 2.6822e-311 2.68645e-311)
(2.69069e-311 2.69493e-311 2.69918e-311)
(2.70342e-311 2.70767e-311 2.71191e-311)
(0 4.24399e-314 8.48798e-314)
(1.2732e-313 1.6976e-313 2.122e-313)
(2.54639e-313 2.97079e-313 3.39519e-313)
(3.81959e-313 4.24399e-313 4.66839e-313)
(5.09279e-313 5.51719e-313 5.94159e-313)
(6.36599e-313 6.79039e-313 7.21479e-313)
(7.63918e-313 8.06358e-313 8.27578e-313)
(1.67638e-312 2.52517e-312 3.37397e-312)
(0 0.0477115 2.22045e-16)
(-2.77556e-17 0.0477115 0)
(2.77556e-17 0.0477115 0)
(-5.55112e-17 0.0477115 2.22045e-16)
(1.11022e-16 0.0477115 0)
(1.11022e-16 0.0477115 2.22045e-16)
(0 0.0477115 0)
(1.11022e-16 0.0477115 -4.44089e-16)
(-1.11022e-16 0.0477115 2.22045e-16)
(1.11022e-16 0.0477115 -2.22045e-16)
(0 0.0477115 -4.44089e-16)
(0 0.0477115 -4.44089e-16)
(0 0.0477115 -2.22045e-16)
(2.22045e-16 0.0477115 -4.44089e-16)
(4.44089e-16 0.0477115 0)
(2.22045e-16 0.0477115 -4.44089e-16)
(-2.22045e-16 0.0477115 -6.66134e-16)
(2.22045e-16 0.0477115 -4.44089e-16)
(0 0.0477115 -4.44089e-16)
(-2.22045e-16 0.0477115 -2.22045e-16)
(4.22277e-312 5.07157e-312 5.92037e-312)
(6.76917e-312 7.61796e-312 8.46676e-312)
(9.31556e-312 1.01644e-311 1.10132e-311)
(1.1862e-311 1.27108e-311 1.35596e-311)
(1.44084e-311 1.52571e-311 1.61059e-311)
(1.69547e-311 1.78035e-311 1.86523e-311)
(1.95011e-311 2.03499e-311 2.11987e-311)
(2.20475e-311 2.28963e-311 2.37451e-311)
(2.45939e-311 2.54427e-311 2.62915e-311)
(2.63127e-311 2.63552e-311 2.63976e-311)
(2.64401e-311 2.64825e-311 2.65249e-311)
(2.65674e-311 2.66098e-311 2.66523e-311)
(2.66947e-311 2.67371e-311 2.67796e-311)
(2.6822e-311 2.68645e-311 2.69069e-311)
(2.69493e-311 2.69918e-311 2.70342e-311)
(2.70767e-311 2.71191e-311 2.71403e-311)
(0 2.28505e-320 4.65723e-310)
(4.65723e-310 0 0)
(6.92722e-310 4.65723e-310 1.58101e-322)
(1.58101e-322 4.65723e-310 6.92722e-310)
(4.44089e-16 0.0477115 -6.66134e-16)
(4.44089e-16 0.0477115 -4.44089e-16)
(4.44089e-16 0.0477115 -2.22045e-16)
(-4.44089e-16 0.0477115 -6.66134e-16)
(0 0.0477115 -2.22045e-16)
(-4.44089e-16 0.0477115 -2.22045e-16)
(0 0.0477115 -2.22045e-16)
(4.44089e-16 0.0477115 -2.22045e-16)
(-4.44089e-16 0.0477115 -2.22045e-16)
(0 0.0477115 -2.22045e-16)
(4.44089e-16 0.0477115 -8.88178e-16)
(-4.44089e-16 0.0477115 -2.22045e-16)
(0 0.0477115 -2.22045e-16)
(0 0.0477115 -2.22045e-16)
(4.44089e-16 0.0477115 -4.44089e-16)
(-4.44089e-16 0.0477115 -2.22045e-16)
(0 0.0477115 -2.22045e-16)
(-4.44089e-16 0.0477115 -2.22045e-16)
(1.33227e-15 0.0477115 -2.22045e-16)
(4.44089e-16 0.0477115 -4.44089e-16)
(4.74303e-322 1.58101e-322 4.65723e-310)
(2.58671e-311 0 3.21143e-322)
(6.92722e-310 4.65723e-310 1.58101e-322)
(1.58101e-322 4.65723e-310 6.92722e-310)
(9.48606e-322 1.58101e-322 4.65723e-310)
(2.58883e-311 0 3.21143e-322)
(6.92722e-310 4.65723e-310 1.58101e-322)
(1.58101e-322 4.65723e-310 6.92722e-310)
(1.42291e-321 1.58101e-322 4.65723e-310)
(2.59096e-311 0 3.21143e-322)
(6.92722e-310 4.65723e-310 1.58101e-322)
(1.58101e-322 4.65723e-310 6.92722e-310)
(1.89721e-321 1.58101e-322 4.65723e-310)
(2.59308e-311 0 3.21143e-322)
(6.92722e-310 4.65723e-310 1.58101e-322)
(1.58101e-322 4.65723e-310 6.92722e-310)
(2.37152e-321 1.58101e-322 4.65723e-310)
(2.5952e-311 0 3.21143e-322)
(6.92722e-310 4.65723e-310 1.58101e-322)
(1.58101e-322 4.65723e-310 6.92722e-310)
(0 0.0477115 -2.22045e-16)
(-2.77556e-17 0.0477115 0)
(2.77556e-17 0.0477115 0)
(-1.11022e-16 0.0477115 -2.22045e-16)
(5.55112e-17 0.0477115 2.22045e-16)
(-1.11022e-16 0.0477115 2.22045e-16)
(1.11022e-16 0.0477115 4.44089e-16)
(1.11022e-16 0.0477115 4.44089e-16)
(-1.11022e-16 0.0477115 2.22045e-16)
(1.11022e-16 0.0477115 0)
(2.22045e-16 0.0477115 4.44089e-16)
(0 0.0477115 4.44089e-16)
(0 0.0477115 2.22045e-16)
(4.44089e-16 0.0477115 4.44089e-16)
(0 0.0477115 2.22045e-16)
(0 0.0477115 -2.22045e-16)
(2.22045e-16 0.0477115 4.44089e-16)
(0 0.0477115 2.22045e-16)
(2.22045e-16 0.0477115 0)
(-2.22045e-16 0.0477115 0)
(2.84582e-321 1.58101e-322 4.65723e-310)
(2.59732e-311 0 3.21143e-322)
(6.92722e-310 4.65723e-310 1.58101e-322)
(1.58101e-322 4.65723e-310 6.92722e-310)
(3.32012e-321 1.58101e-322 4.65723e-310)
(2.59944e-311 0 3.21143e-322)
(6.92722e-310 4.65723e-310 1.58101e-322)
(1.58101e-322 4.65723e-310 6.92722e-310)
(3.79442e-321 1.58101e-322 4.65723e-310)
(2.60157e-311 0 3.21143e-322)
(6.92722e-310 4.65723e-310 1.58101e-322)
(1.58101e-322 4.65723e-310 6.92722e-310)
(4.26873e-321 1.58101e-322 4.65723e-310)
(2.60369e-311 0 3.21143e-322)
(6.92722e-310 4.65723e-310 1.58101e-322)
(1.58101e-322 4.65723e-310 6.92722e-310)
(4.74303e-321 1.58101e-322 4.65723e-310)
(2.60581e-311 0 3.21143e-322)
(6.92722e-310 4.65723e-310 1.58101e-322)
(1.58101e-322 4.65723e-310 6.92722e-310)
(0 0.0477115 0)
(0 0.0477115 0)
(0 0.0477115 0)
(4.44089e-16 0.0477115 0)
(0 0.0477115 0)
(-4.44089e-16 0.0477115 0)
(0 0.0477115 0)
(4.44089e-16 0.0477115 0)
(4.44089e-16 0.0477115 0)
(0 0.0477115 0)
(-4.44089e-16 0.0477115 -2.22045e-16)
(-4.44089e-16 0.0477115 0)
(0 0.0477115 0)
(0 0.0477115 0)
(0 0.0477115 0)
(4.44089e-16 0.0477115 -2.22045e-16)
(-4.44089e-16 0.0477115 -2.22045e-16)
(0 0.0477115 0)
(0 0.0477115 0)
(4.44089e-16 0.0477115 0)
(5.21733e-321 1.58101e-322 4.65723e-310)
(2.60793e-311 0 3.21143e-322)
(6.92722e-310 4.65723e-310 1.58101e-322)
(1.58101e-322 4.65723e-310 6.92722e-310)
(5.69164e-321 1.58101e-322 4.65723e-310)
(2.61005e-311 0 3.21143e-322)
(6.92722e-310 4.65723e-310 1.58101e-322)
(1.58101e-322 4.65723e-310 6.92722e-310)
(6.16594e-321 1.58101e-322 4.65723e-310)
(2.61218e-311 0 3.21143e-322)
(6.92722e-310 4.65723e-310 1.58101e-322)
(1.58101e-322 4.65723e-310 6.92722e-310)
(6.64024e-321 1.58101e-322 4.65723e-310)
(2.6143e-311 0 3.21143e-322)
(6.92722e-310 4.65723e-310 1.58101e-322)
(1.58101e-322 4.65723e-310 6.92722e-310)
(7.11455e-321 1.58101e-322 4.65723e-310)
(2.61642e-311 0 3.21143e-322)
(6.92722e-310 4.65723e-310 1.58101e-322)
(1.58101e-322 4.65723e-310 6.92722e-310)
(0 0.0477115 4.44089e-16)
(0 0.0477115 0)
(-5.55112e-17 0.0477115 0)
(5.55112e-17 0.0477115 2.22045e-16)
(1.11022e-16 0.0477115 2.22045e-16)
(0 0.0477115 2.22045e-16)
(0 0.0477115 2.22045e-16)
(0 0.0477115 4.44089e-16)
(0 0.0477115 2.22045e-16)
(1.11022e-16 0.0477115 2.22045e-16)
(0 0.0477115 4.44089e-16)
(0 0.0477115 2.22045e-16)
(2.22045e-16 0.0477115 6.66134e-16)
(0 0.0477115 2.22045e-16)
(2.22045e-16 0.0477115 6.66134e-16)
(4.44089e-16 0.0477115 2.22045e-16)
(0 0.0477115 2.22045e-16)
(0 0.0477115 2.22045e-16)
(0 0.0477115 2.22045e-16)
(0 0.0477115 2.22045e-16)
(7.58885e-321 1.58101e-322 4.65723e-310)
(2.61854e-311 0 3.21143e-322)
(6.92722e-310 4.65723e-310 1.58101e-322)
(1.58101e-322 4.65723e-310 6.92722e-310)
(8.06315e-321 1.58101e-322 4.65723e-310)
(2.62066e-311 0 3.21143e-322)
(6.92722e-310 4.65723e-310 1.58101e-322)
(1.58101e-322 4.65723e-310 6.92722e-310)
(8.53745e-321 1.58101e-322 4.65723e-310)
(2.62279e-311 0 3.21143e-322)
(6.92722e-310 4.65723e-310 1.58101e-322)
(1.58101e-322 4.65723e-310 6.92722e-310)
(9.01176e-321 1.58101e-322 4.65723e-310)
(2.62491e-311 0 3.21143e-322)
(6.92722e-310 4.65723e-310 1.58101e-322)
(1.58101e-322 4.65723e-310 6.92722e-310)
(9.48606e-321 1.58101e-322 4.65723e-310)
(2.62703e-311 0 3.21143e-322)
(6.92722e-310 4.65723e-310 1.58101e-322)
(1.58101e-322 4.65723e-310 6.92722e-310)
(4.44089e-16 0.0477115 -4.44089e-16)
(0 0.0477115 0)
(4.44089e-16 0.0477115 2.22045e-16)
(0 0.0477115 -2.22045e-16)
(4.44089e-16 0.0477115 2.22045e-16)
(-4.44089e-16 0.0477115 -4.44089e-16)
(0 0.0477115 -4.44089e-16)
(4.44089e-16 0.0477115 2.22045e-16)
(-4.44089e-16 0.0477115 -4.44089e-16)
(8.88178e-16 0.0477115 2.22045e-16)
(8.88178e-16 0.0477115 -2.22045e-16)
(-4.44089e-16 0.0477115 -4.44089e-16)
(0 0.0477115 0)
(0 0.0477115 0)
(0 0.0477115 0)
(-4.44089e-16 0.0477115 -2.22045e-16)
(0 0.0477115 -4.44089e-16)
(4.44089e-16 0.0477115 2.22045e-16)
(4.44089e-16 0.0477115 -4.44089e-16)
(0 0.0477115 0)
(9.96036e-321 1.58101e-322 4.65723e-310)
(6.12641e-321 0 1.11165e-321)
(4.65723e-310 6.92722e-310 1.58101e-322)
(1.58101e-322 4.65723e-310 6.92722e-310)
(3.16202e-322 1.58101e-322 4.65723e-310)
(0 0 1.63042e-322)
(4.65723e-310 4.65723e-310 6.32404e-322)
(1.58101e-322 4.65723e-310 6.12147e-321)
(0 3.21143e-322 6.92722e-310)
(4.65723e-310 1.58101e-322 1.58101e-322)
(4.65723e-310 6.92722e-310 1.12252e-320)
(1.58101e-322 4.65723e-310 2.63552e-311)
(0 3.21143e-322 6.92722e-310)
(4.65723e-310 1.58101e-322 1.58101e-322)
(4.65723e-310 6.92722e-310 1.16995e-320)
(1.58101e-322 4.65723e-310 2.63764e-311)
(0 3.21143e-322 6.92722e-310)
(4.65723e-310 1.58101e-322 1.58101e-322)
(4.65723e-310 6.92722e-310 1.21738e-320)
(1.58101e-322 4.65723e-310 2.63976e-311)
(-6.93889e-18 0.0477115 2.22045e-16)
(0 0.0477115 4.44089e-16)
(0 0.0477115 0)
(5.55112e-17 0.0477115 4.44089e-16)
(0 0.0477115 2.22045e-16)
(1.11022e-16 0.0477115 6.66134e-16)
(1.11022e-16 0.0477115 6.66134e-16)
(2.22045e-16 0.0477115 0)
(-1.11022e-16 0.0477115 4.44089e-16)
(0 0.0477115 4.44089e-16)
(0 0.0477115 0)
(2.22045e-16 0.0477115 6.66134e-16)
(2.22045e-16 0.0477115 2.22045e-16)
(2.22045e-16 0.0477115 4.44089e-16)
(2.22045e-16 0.0477115 2.22045e-16)
(2.22045e-16 0.0477115 -2.22045e-16)
(4.44089e-16 0.0477115 4.44089e-16)
(0 0.0477115 0)
(-2.22045e-16 0.0477115 4.44089e-16)
(2.22045e-16 0.0477115 4.44089e-16)
(0 3.21143e-322 6.92722e-310)
(4.65723e-310 1.58101e-322 1.58101e-322)
(4.65723e-310 6.92722e-310 1.26481e-320)
(1.58101e-322 4.65723e-310 2.64188e-311)
(0 3.21143e-322 6.92722e-310)
(4.65723e-310 1.58101e-322 1.58101e-322)
(4.65723e-310 6.92722e-310 1.31224e-320)
(1.58101e-322 4.65723e-310 2.64401e-311)
(0 3.21143e-322 6.92722e-310)
(4.65723e-310 1.58101e-322 1.58101e-322)
(4.65723e-310 6.92722e-310 1.35967e-320)
(1.58101e-322 4.65723e-310 2.64613e-311)
(0 3.21143e-322 6.92722e-310)
(4.65723e-310 1.58101e-322 1.58101e-322)
(4.65723e-310 6.92722e-310 1.4071e-320)
(1.58101e-322 4.65723e-310 2.64825e-311)
(0 3.21143e-322 6.92722e-310)
(4.65723e-310 1.58101e-322 1.58101e-322)
(4.65723e-310 6.92722e-310 1.45453e-320)
(1.58101e-322 4.65723e-310 2.65037e-311)
(4.44089e-16 0.0477115 -2.22045e-16)
(0 0.0477115 0)
(4.44089e-16 0.0477115 0)
(0 0.0477115 2.22045e-16)
(4.44089e-16 0.0477115 2.22045e-16)
(-8.88178e-16 0.0477115 -2.22045e-16)
(-4.44089e-16 0.0477115 -2.22045e-16)
(-4.44089e-16 0.0477115 -4.44089e-16)
(-8.88178e-16 0.0477115 -2.22045e-16)
(8.88178e-16 0.0477115 2.22045e-16)
(4.44089e-16 0.0477115 0)
(-4.44089e-16 0.0477115 0)
(-4.44089e-16 0.0477115 -2.22045e-16)
(0 0.0477115 -4.44089e-16)
(0 0.0477115 0)
(-4.44089e-16 0.0477115 0)
(-4.44089e-16 0.0477115 -2.22045e-16)
(0 0.0477115 0)
(-8.88178e-16 0.0477115 -2.22045e-16)
(1.33227e-15 0.0477115 4.44089e-16)
(0 3.21143e-322 6.92722e-310)
(4.65723e-310 1.58101e-322 1.58101e-322)
(4.65723e-310 6.92722e-310 1.50196e-320)
(1.58101e-322 4.65723e-310 2.65249e-311)
(0 3.21143e-322 6.92722e-310)
(4.65723e-310 1.58101e-322 1.58101e-322)
(4.65723e-310 6.92722e-310 1.54939e-320)
(1.58101e-322 4.65723e-310 2.65462e-311)
(0 3.21143e-322 6.92722e-310)
(4.65723e-310 1.58101e-322 1.58101e-322)
(4.65723e-310 6.92722e-310 1.59682e-320)
(1.58101e-322 4.65723e-310 2.65674e-311)
(0 3.21143e-322 6.92722e-310)
(4.65723e-310 1.58101e-322 1.58101e-322)
(4.65723e-310 6.92722e-310 1.64425e-320)
(1.58101e-322 4.65723e-310 2.65886e-311)
(0 3.21143e-322 6.92722e-310)
(4.65723e-310 1.58101e-322 1.58101e-322)
(4.65723e-310 6.92722e-310 1.69168e-320)
(1.58101e-322 4.65723e-310 2.66098e-311)
(-6.93889e-18 0.0477115 0)
(-2.77556e-17 0.0477115 0)
(-2.77556e-17 0.0477115 -4.44089e-16)
(-5.55112e-17 0.0477115 0)
(1.11022e-16 0.0477115 2.22045e-16)
(0 0.0477115 2.22045e-16)
(1.11022e-16 0.0477115 2.22045e-16)
(0 0.0477115 0)
(-1.11022e-16 0.0477115 0)
(2.22045e-16 0.0477115 0)
(-2.22045e-16 0.0477115 2.22045e-16)
(-2.22045e-16 0.0477115 -4.44089e-16)
(-2.22045e-16 0.0477115 2.22045e-16)
(0 0.0477115 -4.44089e-16)
(0 0.0477115 4.44089e-16)
(0 0.0477115 -2.22045e-16)
(2.22045e-16 0.0477115 -4.44089e-16)
(4.44089e-16 0.0477115 0)
(0 0.0477115 -2.22045e-16)
(0 0.0477115 2.22045e-16)
(0 3.21143e-322 6.92722e-310)
(4.65723e-310 1.58101e-322 1.58101e-322)
(4.65723e-310 6.92722e-310 1.73911e-320)
(1.58101e-322 4.65723e-310 2.6631e-311)
(0 3.21143e-322 6.92722e-310)
(4.65723e-310 1.58101e-322 1.58101e-322)
(4.65723e-310 6.92722e-310 1.78654e-320)
(1.58101e-322 4.65723e-310 2.66523e-311)
(4.65723e-310 3.21143e-322 6.92722e-310)
(4.65723e-310 1.58101e-322 1.58101e-322)
(4.65723e-310 6.92722e-310 1.83397e-320)
(1.58101e-322 4.65723e-310 2.66735e-311)
(4.65723e-310 3.21143e-322 6.92722e-310)
(4.65723e-310 1.58101e-322 1.58101e-322)
(4.65723e-310 6.92722e-310 1.8814e-320)
(1.58101e-322 4.65723e-310 2.66947e-311)
(4.65723e-310 3.21143e-322 6.92722e-310)
(4.65723e-310 1.58101e-322 1.58101e-322)
(4.65723e-310 6.92722e-310 1.92883e-320)
(1.58101e-322 4.65723e-310 2.67159e-311)
(-8.88178e-16 0.0477115 -4.44089e-16)
(4.44089e-16 0.0477115 2.22045e-16)
(4.44089e-16 0.0477115 0)
(-4.44089e-16 0.0477115 -6.66134e-16)
(0 0.0477115 0)
(-1.33227e-15 0.0477115 -4.44089e-16)
(-8.88178e-16 0.0477115 -4.44089e-16)
(-4.44089e-16 0.0477115 0)
(-8.88178e-16 0.0477115 -2.22045e-16)
(4.44089e-16 0.0477115 4.44089e-16)
(-8.88178e-16 0.0477115 -2.22045e-16)
(-1.77636e-15 0.0477115 -4.44089e-16)
(-4.44089e-16 0.0477115 -2.22045e-16)
(-4.44089e-16 0.0477115 -6.66134e-16)
(4.44089e-16 0.0477115 2.22045e-16)
(-4.44089e-16 0.0477115 -2.22045e-16)
(-1.33227e-15 0.0477115 -6.66134e-16)
(0 0.0477115 0)
(-8.88178e-16 0.0477115 -4.44089e-16)
(-4.44089e-16 0.0477115 4.44089e-16)
(4.65723e-310 3.21143e-322 6.92722e-310)
(4.65723e-310 1.58101e-322 1.58101e-322)
(4.65723e-310 6.92722e-310 1.97626e-320)
(1.58101e-322 4.65723e-310 2.67371e-311)
(4.65723e-310 3.21143e-322 6.92722e-310)
(4.65723e-310 1.58101e-322 1.58101e-322)
(4.65723e-310 6.92722e-310 2.02369e-320)
(1.58101e-322 4.65723e-310 2.67584e-311)
(4.65723e-310 3.21143e-322 6.92722e-310)
(4.65723e-310 1.58101e-322 1.58101e-322)
(4.65723e-310 6.92722e-310 2.07112e-320)
(1.58101e-322 4.65723e-310 2.67796e-311)
(4.65723e-310 3.21143e-322 6.92722e-310)
(4.65723e-310 1.58101e-322 1.58101e-322)
(4.65723e-310 6.92722e-310 2.11855e-320)
(1.58101e-322 4.65723e-310 2.68008e-311)
(4.65723e-310 3.21143e-322 6.92722e-310)
(4.65723e-310 1.58101e-322 1.58101e-322)
(4.65723e-310 6.92722e-310 2.16598e-320)
(1.58101e-322 4.65723e-310 2.6822e-311)
(0 0.0477115 0)
(0 0.0477115 0)
(-2.77556e-17 0.0477115 0)
(5.55112e-17 0.0477115 0)
(5.55112e-17 0.0477115 0)
(0 0.0477115 2.22045e-16)
(1.11022e-16 0.0477115 4.44089e-16)
(1.11022e-16 0.0477115 0)
(0 0.0477115 0)
(2.22045e-16 0.0477115 2.22045e-16)
(2.22045e-16 0.0477115 0)
(0 0.0477115 -2.22045e-16)
(2.22045e-16 0.0477115 2.22045e-16)
(2.22045e-16 0.0477115 -2.22045e-16)
(2.22045e-16 0.0477115 0)
(0 0.0477115 -2.22045e-16)
(0 0.0477115 0)
(4.44089e-16 0.0477115 0)
(0 0.0477115 -2.22045e-16)
(-2.22045e-16 0.0477115 0)
(4.65723e-310 3.21143e-322 6.92722e-310)
(4.65723e-310 1.58101e-322 1.58101e-322)
(4.65723e-310 6.92722e-310 2.21341e-320)
(1.58101e-322 4.65723e-310 2.68432e-311)
(4.65723e-310 3.21143e-322 6.92722e-310)
(4.65723e-310 1.58101e-322 1.58101e-322)
(4.65723e-310 6.92722e-310 2.26084e-320)
(2.37152e-322 0 4.65723e-310)
(4.65723e-310 4.65723e-310 1.01738e-319)
(1.58101e-322 4.65723e-310 9.83191e-322)
(0 3.21143e-322 4.65723e-310)
(4.65723e-310 1.03553e-311 9.48532e-312)
(4.65723e-310 4.65723e-310 1.02212e-319)
(1.58101e-322 4.65723e-310 0)
(0 1.26975e-321 4.65723e-310)
(6.92722e-310 0 4.79244e-322)
(4.65723e-310 4.65723e-310 1.37293e-311)
(1.28593e-311 2.37152e-322 2.37152e-322)
(4.65723e-310 1.37718e-311 1.37505e-311)
(1.28805e-311 6.32404e-322 1.58101e-322)
(4.44089e-16 0.0477115 -4.44089e-16)
(4.44089e-16 0.0477115 0)
(4.44089e-16 0.0477115 -4.44089e-16)
(-4.44089e-16 0.0477115 -2.22045e-16)
(0 0.0477115 -2.22045e-16)
(-4.44089e-16 0.0477115 -4.44089e-16)
(0 0.0477115 -4.44089e-16)
(-4.44089e-16 0.0477115 -4.44089e-16)
(-4.44089e-16 0.0477115 -4.44089e-16)
(0 0.0477115 -2.22045e-16)
(0 0.0477115 -4.44089e-16)
(-1.33227e-15 0.0477115 -6.66134e-16)
(-4.44089e-16 0.0477115 -4.44089e-16)
(-4.44089e-16 0.0477115 -4.44089e-16)
(0 0.0477115 0)
(-4.44089e-16 0.0477115 -4.44089e-16)
(-4.44089e-16 0.0477115 -4.44089e-16)
(0 0.0477115 -4.44089e-16)
(4.44089e-16 0.0477115 -4.44089e-16)
(0 0.0477115 -4.44089e-16)
(4.65723e-310 9.93072e-322 0)
(4.79244e-322 4.65723e-310 4.65723e-310)
(1.33898e-311 1.25198e-311 2.37152e-322)
(2.37152e-322 4.65723e-310 1.34322e-311)
(1.3411e-311 1.2541e-311 1.03635e-319)
(1.58101e-322 4.65723e-310 9.93072e-322)
(0 3.21143e-322 4.65723e-310)
(4.65723e-310 1.17346e-311 1.08646e-311)
(4.65723e-310 2.21341e-321 1.0411e-319)
(1.58101e-322 4.65723e-310 7.04503e-312)
(1.04268e-319 1.58101e-322 4.65723e-310)
(7.06625e-312 1.04426e-319 1.58101e-322)
(4.65723e-310 7.08747e-312 0)
(3.21143e-322 4.65723e-310 4.65723e-310)
(0 1.63042e-322 4.65723e-310)
(4.65723e-310 1.049e-319 1.58101e-322)
(4.65723e-310 7.10869e-312 0)
(4.79244e-322 4.65723e-310 4.65723e-310)
(0 3.21143e-322 4.65723e-310)
(4.65723e-310 1.17771e-311 1.09071e-311)
(0 0.0477115 -2.22045e-16)
(0 0.0477115 0)
(0 0.0477115 -4.44089e-16)
(-1.11022e-16 0.0477115 2.22045e-16)
(0 0.0477115 0)
(-1.11022e-16 0.0477115 2.22045e-16)
(0 0.0477115 -2.22045e-16)
(1.11022e-16 0.0477115 2.22045e-16)
(-2.22045e-16 0.0477115 2.22045e-16)
(1.11022e-16 0.0477115 -2.22045e-16)
(2.22045e-16 0.0477115 2.22045e-16)
(0 0.0477115 -2.22045e-16)
(0 0.0477115 0)
(2.22045e-16 0.0477115 -2.22045e-16)
(-4.44089e-16 0.0477115 -4.44089e-16)
(0 0.0477115 -2.22045e-16)
(4.44089e-16 0.0477115 0)
(0 0.0477115 2.22045e-16)
(0 0.0477115 0)
(-2.22045e-16 0.0477115 -4.44089e-16)
(4.65723e-310 2.21835e-321 1.05532e-319)
(1.58101e-322 4.65723e-310 7.12991e-312)
(0 4.79244e-322 4.65723e-310)
(4.65723e-310 0 3.21143e-322)
(4.65723e-310 4.65723e-310 1.16922e-311)
(1.08222e-311 4.65723e-310 2.20847e-321)
(1.06165e-319 1.58101e-322 4.65723e-310)
(7.15113e-312 0 4.79244e-322)
(4.65723e-310 4.65723e-310 0)
(3.21143e-322 4.65723e-310 4.65723e-310)
(1.28593e-311 1.19893e-311 4.65723e-310)
(4.65723e-310 1.06797e-319 1.58101e-322)
(4.65723e-310 7.17235e-312 0)
(4.79244e-322 4.65723e-310 4.65723e-310)
(0 3.21143e-322 4.65723e-310)
(4.65723e-310 1.16498e-311 1.07797e-311)
(4.65723e-310 2.20353e-321 1.0743e-319)
(1.58101e-322 4.65723e-310 7.19357e-312)
(0 4.79244e-322 4.65723e-310)
(4.65723e-310 0 3.21143e-322)
(-4.44089e-16 0.0477115 -4.44089e-16)
(0 0.0477115 0)
(4.44089e-16 0.0477115 0)
(0 0.0477115 -4.44089e-16)
(0 0.0477115 -2.22045e-16)
(-4.44089e-16 0.0477115 -4.44089e-16)
(0 0.0477115 -4.44089e-16)
(-4.44089e-16 0.0477115 -2.22045e-16)
(0 0.0477115 -2.22045e-16)
(4.44089e-16 0.0477115 -2.22045e-16)
(4.44089e-16 0.0477115 -4.44089e-16)
(-4.44089e-16 0.0477115 -2.22045e-16)
(0 0.0477115 -2.22045e-16)
(4.44089e-16 0.0477115 -2.22045e-16)
(4.44089e-16 0.0477115 -2.22045e-16)
(0 0.0477115 -4.44089e-16)
(-4.44089e-16 0.0477115 -4.44089e-16)
(-4.44089e-16 0.0477115 -2.22045e-16)
(8.88178e-16 0.0477115 -2.22045e-16)
(1.33227e-15 0.0477115 -2.22045e-16)
(4.65723e-310 4.65723e-310 1.28381e-311)
(1.19681e-311 4.65723e-310 4.65723e-310)
(1.08062e-319 1.58101e-322 4.65723e-310)
(7.21479e-312 0 4.79244e-322)
(4.65723e-310 4.65723e-310 0)
(3.21143e-322 4.65723e-310 4.65723e-310)
(1.16073e-311 1.07373e-311 4.65723e-310)
(2.19859e-321 1.08694e-319 1.58101e-322)
(4.65723e-310 7.23601e-312 0)
(4.79244e-322 4.65723e-310 4.65723e-310)
(0 3.21143e-322 4.65723e-310)
(4.65723e-310 1.28169e-311 1.19468e-311)
(4.65723e-310 4.65723e-310 1.09327e-319)
(1.58101e-322 4.65723e-310 7.25723e-312)
(0 4.79244e-322 4.65723e-310)
(4.65723e-310 0 3.21143e-322)
(4.65723e-310 4.65723e-310 1.15649e-311)
(1.06949e-311 4.65723e-310 2.19365e-321)
(1.09959e-319 1.58101e-322 4.65723e-310)
(7.27845e-312 0 4.79244e-322)
(0 0.0477115 2.22045e-16)
(0 0.0477115 4.44089e-16)
(2.77556e-17 0.0477115 2.22045e-16)
(5.55112e-17 0.0477115 0)
(1.11022e-16 0.0477115 0)
(1.11022e-16 0.0477115 4.44089e-16)
(1.11022e-16 0.0477115 6.66134e-16)
(1.11022e-16 0.0477115 2.22045e-16)
(-1.11022e-16 0.0477115 2.22045e-16)
(2.22045e-16 0.0477115 4.44089e-16)
(0 0.0477115 0)
(0 0.0477115 0)
(0 0.0477115 0)
(2.22045e-16 0.0477115 2.22045e-16)
(2.22045e-16 0.0477115 2.22045e-16)
(2.22045e-16 0.0477115 4.44089e-16)
(-2.22045e-16 0.0477115 -2.22045e-16)
(2.22045e-16 0.0477115 0)
(0 0.0477115 2.22045e-16)
(0 0.0477115 0)
(4.65723e-310 4.65723e-310 0)
(3.21143e-322 4.65723e-310 4.65723e-310)
(1.27956e-311 1.19256e-311 4.65723e-310)
(4.65723e-310 1.10592e-319 1.58101e-322)
(4.65723e-310 7.29967e-312 0)
(4.79244e-322 4.65723e-310 4.65723e-310)
(0 3.21143e-322 4.65723e-310)
(4.65723e-310 1.15224e-311 1.06524e-311)
(4.65723e-310 2.18871e-321 1.11224e-319)
(1.58101e-322 4.65723e-310 7.32089e-312)
(0 4.79244e-322 4.65723e-310)
(4.65723e-310 0 3.21143e-322)
(4.65723e-310 4.65723e-310 1.27744e-311)
(1.19044e-311 4.65723e-310 4.65723e-310)
(1.11856e-319 1.58101e-322 4.65723e-310)
(7.34211e-312 0 4.79244e-322)
(4.65723e-310 4.65723e-310 0)
(3.21143e-322 4.65723e-310 4.65723e-310)
(1.148e-311 1.061e-311 4.65723e-310)
(2.18377e-321 1.12489e-319 1.58101e-322)
(4.44089e-16 0.0477115 2.22045e-16)
(0 0.0477115 -2.22045e-16)
(4.44089e-16 0.0477115 2.22045e-16)
(-4.44089e-16 0.0477115 0)
(4.44089e-16 0.0477115 2.22045e-16)
(-4.44089e-16 0.0477115 0)
(0 0.0477115 0)
(4.44089e-16 0.0477115 2.22045e-16)
(-4.44089e-16 0.0477115 0)
(8.88178e-16 0.0477115 2.22045e-16)
(0 0.0477115 0)
(-1.33227e-15 0.0477115 -2.22045e-16)
(0 0.0477115 0)
(4.44089e-16 0.0477115 0)
(0 0.0477115 -2.22045e-16)
(-8.88178e-16 0.0477115 0)
(-4.44089e-16 0.0477115 0)
(4.44089e-16 0.0477115 2.22045e-16)
(4.44089e-16 0.0477115 0)
(0 0.0477115 4.44089e-16)
(4.65723e-310 7.36333e-312 0)
(4.79244e-322 4.65723e-310 4.65723e-310)
(0 3.21143e-322 4.65723e-310)
(4.65723e-310 1.27532e-311 1.18832e-311)
(4.65723e-310 4.65723e-310 1.13121e-319)
(1.58101e-322 4.65723e-310 7.38455e-312)
(0 4.79244e-322 4.65723e-310)
(4.65723e-310 0 3.21143e-322)
(4.65723e-310 4.65723e-310 1.14376e-311)
(1.05675e-311 4.65723e-310 2.17883e-321)
(1.13754e-319 1.58101e-322 4.65723e-310)
(7.40577e-312 0 4.79244e-322)
(4.65723e-310 4.65723e-310 0)
(3.21143e-322 4.65723e-310 4.65723e-310)
(1.2732e-311 1.1862e-311 4.65723e-310)
(4.65723e-310 1.14386e-319 1.58101e-322)
(4.65723e-310 7.42699e-312 0)
(4.79244e-322 4.65723e-310 4.65723e-310)
(0 3.21143e-322 4.65723e-310)
(4.65723e-310 1.13951e-311 1.05251e-311)
(-1.38778e-17 0.0477115 -2.22045e-16)
(0 0.0477115 2.22045e-16)
(0 0.0477115 4.44089e-16)
(-1.11022e-16 0.0477115 0)
(0 0.0477115 6.66134e-16)
(2.22045e-16 0.0477115 2.22045e-16)
(1.11022e-16 0.0477115 4.44089e-16)
(1.11022e-16 0.0477115 4.44089e-16)
(0 0.0477115 2.22045e-16)
(1.11022e-16 0.0477115 0)
(2.22045e-16 0.0477115 2.22045e-16)
(2.22045e-16 0.0477115 0)
(2.22045e-16 0.0477115 4.44089e-16)
(0 0.0477115 0)
(0 0.0477115 -2.22045e-16)
(4.44089e-16 0.0477115 0)
(4.44089e-16 0.0477115 0)
(0 0.0477115 2.22045e-16)
(0 0.0477115 0)
(0 0.0477115 2.22045e-16)
(4.65723e-310 4.65723e-310 1.15018e-319)
(1.58101e-322 4.65723e-310 7.44821e-312)
(0 4.79244e-322 4.65723e-310)
(4.65723e-310 0 3.21143e-322)
(4.65723e-310 4.65723e-310 1.27108e-311)
(1.18407e-311 4.65723e-310 4.65723e-310)
(1.15651e-319 1.58101e-322 4.65723e-310)
(7.46943e-312 0 4.79244e-322)
(4.65723e-310 4.65723e-310 0)
(3.21143e-322 4.65723e-310 4.65723e-310)
(1.13527e-311 1.04827e-311 4.65723e-310)
(2.16895e-321 1.16283e-319 1.58101e-322)
(4.65723e-310 7.49065e-312 0)
(4.79244e-322 4.65723e-310 4.65723e-310)
(0 3.21143e-322 4.65723e-310)
(4.65723e-310 1.26895e-311 1.18195e-311)
(4.65723e-310 2.17389e-321 1.16916e-319)
(1.58101e-322 4.65723e-310 7.51187e-312)
(0 4.79244e-322 4.65723e-310)
(4.65723e-310 0 3.21143e-322)
(0 0.0477115 -2.22045e-16)
(-4.44089e-16 0.0477115 -4.44089e-16)
(4.44089e-16 0.0477115 0)
(-4.44089e-16 0.0477115 2.22045e-16)
(0 0.0477115 0)
(-4.44089e-16 0.0477115 -2.22045e-16)
(0 0.0477115 2.22045e-16)
(-4.44089e-16 0.0477115 0)
(0 0.0477115 0)
(0 0.0477115 -2.22045e-16)
(0 0.0477115 -4.44089e-16)
(-8.88178e-16 0.0477115 -4.44089e-16)
(-4.44089e-16 0.0477115 -2.22045e-16)
(4.44089e-16 0.0477115 0)
(-4.44089e-16 0.0477115 -4.44089e-16)
(-8.88178e-16 0.0477115 -2.22045e-16)
(0 0.0477115 2.22045e-16)
(0 0.0477115 0)
(4.44089e-16 0.0477115 2.22045e-16)
(8.88178e-16 0.0477115 0)
)
;
    }
    sides1_half0
    {
        type            cyclic;
    }
    sides1_half1
    {
        type            cyclic;
    }
    sides2_half0
    {
        type            cyclic;
    }
    sides2_half1
    {
        type            cyclic;
    }
    inout1_half0
    {
        type            cyclic;
    }
    inout1_half1
    {
        type            cyclic;
    }
    inout2_half0
    {
        type            cyclic;
    }
    inout2_half1
    {
        type            cyclic;
    }
}


// ************************************************************************* //
