/*--------------------------------*- C++ -*----------------------------------*\
  =========                 |
  \\      /  F ield         | OpenFOAM: The Open Source CFD Toolbox
   \\    /   O peration     | Website:  https://openfoam.org
    \\  /    A nd           | Version:  10
     \\/     M anipulation  |
\*---------------------------------------------------------------------------*/
FoamFile
{
    format      ascii;
    class       volVectorField;
    location    "6";
    object      UWrite;
}
// * * * * * * * * * * * * * * * * * * * * * * * * * * * * * * * * * * * * * //

dimensions      [0 1 -1 0 0 0 0];

internalField   uniform (0 0 0);

boundaryField
{
    bottomWall
    {
        type            calculated;
        value           nonuniform List<vector> 0();
    }
    topWall
    {
        type            calculated;
        value           nonuniform List<vector> 
800
(
(6.94241e-310 4.63997e-310 4.63997e-310)
(4.63997e-310 0.0477115 0)
(-2.77556e-17 0.0477115 0)
(-5.55112e-17 0.0477115 0)
(-5.55112e-17 0.0477115 -2.22045e-16)
(0 0.0477115 0)
(1.11022e-16 0.0477115 2.22045e-16)
(-1.11022e-16 0.0477115 0)
(-1.11022e-16 0.0477115 0)
(1.11022e-16 0.0477115 0)
(-2.22045e-16 0.0477115 -2.22045e-16)
(-2.22045e-16 0.0477115 0)
(-4.44089e-16 0.0477115 -2.22045e-16)
(-2.22045e-16 0.0477115 2.22045e-16)
(2.22045e-16 0.0477115 0)
(-2.22045e-16 0.0477115 0)
(4.44089e-16 0.0477115 2.22045e-16)
(0 0.0477115 -2.22045e-16)
(2.22045e-16 0.0477115 2.22045e-16)
(-2.22045e-16 0.0477115 -2.22045e-16)
(-8.88178e-16 0.0477115 0)
(4.44089e-16 0.0477115 2.22045e-16)
(4.44089e-16 0.0477115 -2.22045e-16)
(-4.44089e-16 0.0477115 0)
(0 0.0477115 2.22045e-16)
(-4.44089e-16 0.0477115 2.22045e-16)
(-4.44089e-16 0.0477115 2.22045e-16)
(-4.44089e-16 0.0477115 -2.22045e-16)
(-4.44089e-16 0.0477115 0)
(0 0.0477115 2.22045e-16)
(-4.44089e-16 0.0477115 0)
(-4.44089e-16 0.0477115 2.22045e-16)
(-4.44089e-16 0.0477115 -2.22045e-16)
(-4.44089e-16 0.0477115 0)
(0 0.0477115 2.22045e-16)
(-8.88178e-16 0.0477115 0)
(-8.88178e-16 0.0477115 0)
(0 0.0477115 -2.22045e-16)
(4.44089e-16 0.0477115 2.22045e-16)
(-4.44089e-16 0.0477115 0)
(-6.93889e-18 0.0477115 -2.22045e-16)
(0 0.0477115 2.22045e-16)
(0 0.0477115 2.22045e-16)
(-1.11022e-16 0.0477115 -2.22045e-16)
(-5.55112e-17 0.0477115 -2.22045e-16)
(1.11022e-16 0.0477115 2.22045e-16)
(0 0.0477115 0)
(2.22045e-16 0.0477115 0)
(1.11022e-16 0.0477115 0)
(1.11022e-16 0.0477115 -2.22045e-16)
(0 0.0477115 -2.22045e-16)
(2.22045e-16 0.0477115 2.22045e-16)
(0 0.0477115 0)
(0 0.0477115 2.22045e-16)
(2.22045e-16 0.0477115 0)
(2.22045e-16 0.0477115 2.22045e-16)
(4.44089e-16 0.0477115 2.22045e-16)
(-2.22045e-16 0.0477115 -2.22045e-16)
(0 0.0477115 2.22045e-16)
(2.22045e-16 0.0477115 0)
(4.44089e-16 0.0477115 0)
(0 0.0477115 0)
(4.44089e-16 0.0477115 -2.22045e-16)
(-4.44089e-16 0.0477115 0)
(4.44089e-16 0.0477115 0)
(-4.44089e-16 0.0477115 0)
(0 0.0477115 0)
(-4.44089e-16 0.0477115 -2.22045e-16)
(0 0.0477115 0)
(4.44089e-16 0.0477115 0)
(4.44089e-16 0.0477115 -2.22045e-16)
(-4.44089e-16 0.0477115 -2.22045e-16)
(-4.44089e-16 0.0477115 -2.22045e-16)
(0 0.0477115 0)
(0 0.0477115 0)
(-4.44089e-16 0.0477115 0)
(0 0.0477115 0)
(0 0.0477115 -2.22045e-16)
(4.44089e-16 0.0477115 0)
(8.88178e-16 0.0477115 0)
(0 0.0477115 0)
(-2.77556e-17 0.0477115 0)
(0 0.0477115 0)
(-1.11022e-16 0.0477115 2.22045e-16)
(0 0.0477115 2.22045e-16)
(-1.11022e-16 0.0477115 0)
(0 0.0477115 0)
(1.11022e-16 0.0477115 4.44089e-16)
(-2.22045e-16 0.0477115 0)
(0 0.0477115 0)
(2.22045e-16 0.0477115 4.44089e-16)
(-2.22045e-16 0.0477115 0)
(0 0.0477115 2.22045e-16)
(2.22045e-16 0.0477115 0)
(-4.44089e-16 0.0477115 -2.22045e-16)
(-2.22045e-16 0.0477115 0)
(0 0.0477115 0)
(-2.22045e-16 0.0477115 2.22045e-16)
(2.22045e-16 0.0477115 0)
(-2.22045e-16 0.0477115 0)
(-4.44089e-16 0.0477115 2.22045e-16)
(0 0.0477115 2.22045e-16)
(0 0.0477115 -2.22045e-16)
(0 0.0477115 2.22045e-16)
(0 0.0477115 2.22045e-16)
(-4.44089e-16 0.0477115 2.22045e-16)
(0 0.0477115 2.22045e-16)
(0 0.0477115 -2.22045e-16)
(0 0.0477115 0)
(4.44089e-16 0.0477115 2.22045e-16)
(-4.44089e-16 0.0477115 0)
(-4.44089e-16 0.0477115 0)
(-4.44089e-16 0.0477115 -4.44089e-16)
(0 0.0477115 2.22045e-16)
(4.44089e-16 0.0477115 2.22045e-16)
(-4.44089e-16 0.0477115 0)
(-8.88178e-16 0.0477115 0)
(-4.44089e-16 0.0477115 -2.22045e-16)
(0 0.0477115 2.22045e-16)
(1.33227e-15 0.0477115 2.22045e-16)
(0 0.0477115 4.44089e-16)
(0 0.0477115 0)
(-2.77556e-17 0.0477115 -2.22045e-16)
(-5.55112e-17 0.0477115 2.22045e-16)
(5.55112e-17 0.0477115 -2.22045e-16)
(1.11022e-16 0.0477115 0)
(1.11022e-16 0.0477115 0)
(0 0.0477115 0)
(0 0.0477115 0)
(2.22045e-16 0.0477115 0)
(0 0.0477115 0)
(0 0.0477115 0)
(2.22045e-16 0.0477115 0)
(0 0.0477115 0)
(2.22045e-16 0.0477115 0)
(4.44089e-16 0.0477115 0)
(-2.22045e-16 0.0477115 -2.22045e-16)
(0 0.0477115 0)
(0 0.0477115 0)
(0 0.0477115 -2.22045e-16)
(4.44089e-16 0.0477115 -2.22045e-16)
(0 0.0477115 -2.22045e-16)
(0 0.0477115 0)
(0 0.0477115 0)
(4.44089e-16 0.0477115 0)
(-4.44089e-16 0.0477115 0)
(0 0.0477115 0)
(0 0.0477115 0)
(-4.44089e-16 0.0477115 0)
(8.88178e-16 0.0477115 0)
(8.88178e-16 0.0477115 0)
(-4.44089e-16 0.0477115 -2.22045e-16)
(-4.44089e-16 0.0477115 -2.22045e-16)
(0 0.0477115 0)
(0 0.0477115 -2.22045e-16)
(-4.44089e-16 0.0477115 -2.22045e-16)
(0 0.0477115 0)
(-8.88178e-16 0.0477115 0)
(4.44089e-16 0.0477115 0)
(0 0.0477115 -2.22045e-16)
(-6.93889e-18 0.0477115 2.22045e-16)
(0 0.0477115 2.22045e-16)
(0 0.0477115 2.22045e-16)
(-5.55112e-17 0.0477115 0)
(-5.55112e-17 0.0477115 -2.22045e-16)
(2.22045e-16 0.0477115 0)
(1.11022e-16 0.0477115 2.22045e-16)
(1.11022e-16 0.0477115 2.22045e-16)
(0 0.0477115 0)
(2.22045e-16 0.0477115 0)
(2.22045e-16 0.0477115 2.22045e-16)
(2.22045e-16 0.0477115 0)
(2.22045e-16 0.0477115 4.44089e-16)
(0 0.0477115 0)
(2.22045e-16 0.0477115 2.22045e-16)
(0 0.0477115 -2.22045e-16)
(4.44089e-16 0.0477115 0)
(0 0.0477115 2.22045e-16)
(0 0.0477115 0)
(2.22045e-16 0.0477115 2.22045e-16)
(0 0.0477115 -2.22045e-16)
(4.44089e-16 0.0477115 2.22045e-16)
(4.44089e-16 0.0477115 0)
(-4.44089e-16 0.0477115 2.22045e-16)
(0 0.0477115 2.22045e-16)
(-4.44089e-16 0.0477115 0)
(-4.44089e-16 0.0477115 2.22045e-16)
(4.44089e-16 0.0477115 0)
(0 0.0477115 2.22045e-16)
(0 0.0477115 2.22045e-16)
(4.44089e-16 0.0477115 0)
(-1.33227e-15 0.0477115 0)
(-4.44089e-16 0.0477115 0)
(0 0.0477115 2.22045e-16)
(0 0.0477115 2.22045e-16)
(-4.44089e-16 0.0477115 0)
(-4.44089e-16 0.0477115 2.22045e-16)
(0 0.0477115 0)
(0 0.0477115 2.22045e-16)
(8.88178e-16 0.0477115 4.44089e-16)
(0 0.0477115 0)
(-2.77556e-17 0.0477115 0)
(-2.77556e-17 0.0477115 -2.22045e-16)
(-5.55112e-17 0.0477115 -2.22045e-16)
(0 0.0477115 -2.22045e-16)
(0 0.0477115 2.22045e-16)
(0 0.0477115 0)
(-1.11022e-16 0.0477115 0)
(-1.11022e-16 0.0477115 0)
(0 0.0477115 -2.22045e-16)
(0 0.0477115 -2.22045e-16)
(-2.22045e-16 0.0477115 -2.22045e-16)
(-2.22045e-16 0.0477115 -2.22045e-16)
(-2.22045e-16 0.0477115 -4.44089e-16)
(2.22045e-16 0.0477115 0)
(-2.22045e-16 0.0477115 -4.44089e-16)
(4.44089e-16 0.0477115 -2.22045e-16)
(4.44089e-16 0.0477115 0)
(0 0.0477115 -2.22045e-16)
(-2.22045e-16 0.0477115 0)
(-4.44089e-16 0.0477115 -4.44089e-16)
(0 0.0477115 -2.22045e-16)
(4.44089e-16 0.0477115 -2.22045e-16)
(-4.44089e-16 0.0477115 -2.22045e-16)
(0 0.0477115 -2.22045e-16)
(-1.33227e-15 0.0477115 -6.66134e-16)
(-1.33227e-15 0.0477115 -6.66134e-16)
(4.44089e-16 0.0477115 -2.22045e-16)
(-8.88178e-16 0.0477115 -6.66134e-16)
(0 0.0477115 -2.22045e-16)
(-4.44089e-16 0.0477115 -6.66134e-16)
(-1.77636e-15 0.0477115 -6.66134e-16)
(0 0.0477115 -2.22045e-16)
(0 0.0477115 -2.22045e-16)
(0 0.0477115 -2.22045e-16)
(-4.44089e-16 0.0477115 -4.44089e-16)
(-8.88178e-16 0.0477115 -2.22045e-16)
(4.44089e-16 0.0477115 -2.22045e-16)
(-8.88178e-16 0.0477115 -6.66134e-16)
(-4.44089e-16 0.0477115 0)
(0 0.0477115 2.22045e-16)
(0 0.0477115 2.22045e-16)
(-2.77556e-17 0.0477115 0)
(5.55112e-17 0.0477115 0)
(5.55112e-17 0.0477115 0)
(0 0.0477115 2.22045e-16)
(1.11022e-16 0.0477115 4.44089e-16)
(1.11022e-16 0.0477115 0)
(-1.11022e-16 0.0477115 2.22045e-16)
(2.22045e-16 0.0477115 2.22045e-16)
(0 0.0477115 0)
(0 0.0477115 0)
(0 0.0477115 0)
(0 0.0477115 0)
(2.22045e-16 0.0477115 2.22045e-16)
(2.22045e-16 0.0477115 0)
(-2.22045e-16 0.0477115 -2.22045e-16)
(2.22045e-16 0.0477115 0)
(0 0.0477115 0)
(-2.22045e-16 0.0477115 0)
(0 0.0477115 -4.44089e-16)
(4.44089e-16 0.0477115 -2.22045e-16)
(4.44089e-16 0.0477115 2.22045e-16)
(-4.44089e-16 0.0477115 0)
(0 0.0477115 -2.22045e-16)
(-4.44089e-16 0.0477115 0)
(-4.44089e-16 0.0477115 0)
(-4.44089e-16 0.0477115 0)
(4.44089e-16 0.0477115 0)
(0 0.0477115 -2.22045e-16)
(4.44089e-16 0.0477115 0)
(-1.33227e-15 0.0477115 -4.44089e-16)
(-4.44089e-16 0.0477115 0)
(0 0.0477115 -2.22045e-16)
(0 0.0477115 -2.22045e-16)
(-4.44089e-16 0.0477115 -2.22045e-16)
(-4.44089e-16 0.0477115 0)
(0 0.0477115 2.22045e-16)
(4.44089e-16 0.0477115 0)
(0 0.0477115 0)
(0 0.0477115 0)
(0 0.0477115 0)
(2.77556e-17 0.0477115 0)
(-1.11022e-16 0.0477115 0)
(0 0.0477115 0)
(-1.11022e-16 0.0477115 2.22045e-16)
(1.11022e-16 0.0477115 0)
(1.11022e-16 0.0477115 2.22045e-16)
(-2.22045e-16 0.0477115 0)
(1.11022e-16 0.0477115 0)
(2.22045e-16 0.0477115 2.22045e-16)
(0 0.0477115 2.22045e-16)
(0 0.0477115 -2.22045e-16)
(4.44089e-16 0.0477115 2.22045e-16)
(-4.44089e-16 0.0477115 -2.22045e-16)
(0 0.0477115 0)
(2.22045e-16 0.0477115 4.44089e-16)
(0 0.0477115 2.22045e-16)
(2.22045e-16 0.0477115 0)
(-2.22045e-16 0.0477115 -4.44089e-16)
(0 0.0477115 0)
(-4.44089e-16 0.0477115 2.22045e-16)
(4.44089e-16 0.0477115 2.22045e-16)
(0 0.0477115 2.22045e-16)
(0 0.0477115 2.22045e-16)
(-8.88178e-16 0.0477115 -2.22045e-16)
(4.44089e-16 0.0477115 0)
(8.88178e-16 0.0477115 -2.22045e-16)
(0 0.0477115 -2.22045e-16)
(0 0.0477115 -2.22045e-16)
(4.44089e-16 0.0477115 -2.22045e-16)
(-4.44089e-16 0.0477115 -2.22045e-16)
(0 0.0477115 0)
(-8.88178e-16 0.0477115 -2.22045e-16)
(0 0.0477115 -2.22045e-16)
(0 0.0477115 -2.22045e-16)
(-4.44089e-16 0.0477115 -2.22045e-16)
(4.44089e-16 0.0477115 -2.22045e-16)
(-4.44089e-16 0.0477115 -2.22045e-16)
(0 0.0477115 -2.22045e-16)
(0 0.0477115 2.22045e-16)
(0 0.0477115 0)
(-2.77556e-17 0.0477115 0)
(5.55112e-17 0.0477115 0)
(1.11022e-16 0.0477115 0)
(1.11022e-16 0.0477115 4.44089e-16)
(0 0.0477115 2.22045e-16)
(1.11022e-16 0.0477115 -4.44089e-16)
(-1.11022e-16 0.0477115 4.44089e-16)
(1.11022e-16 0.0477115 2.22045e-16)
(0 0.0477115 -2.22045e-16)
(0 0.0477115 0)
(0 0.0477115 2.22045e-16)
(2.22045e-16 0.0477115 2.22045e-16)
(2.22045e-16 0.0477115 2.22045e-16)
(2.22045e-16 0.0477115 2.22045e-16)
(-2.22045e-16 0.0477115 -2.22045e-16)
(2.22045e-16 0.0477115 -2.22045e-16)
(0 0.0477115 2.22045e-16)
(-2.22045e-16 0.0477115 -2.22045e-16)
(4.44089e-16 0.0477115 -2.22045e-16)
(0 0.0477115 -2.22045e-16)
(4.44089e-16 0.0477115 2.22045e-16)
(-4.44089e-16 0.0477115 0)
(4.44089e-16 0.0477115 0)
(-4.44089e-16 0.0477115 -2.22045e-16)
(0 0.0477115 -2.22045e-16)
(-4.44089e-16 0.0477115 2.22045e-16)
(-4.44089e-16 0.0477115 -2.22045e-16)
(4.44089e-16 0.0477115 0)
(0 0.0477115 -2.22045e-16)
(-1.33227e-15 0.0477115 -4.44089e-16)
(0 0.0477115 2.22045e-16)
(-4.44089e-16 0.0477115 -2.22045e-16)
(0 0.0477115 -2.22045e-16)
(-4.44089e-16 0.0477115 -2.22045e-16)
(-4.44089e-16 0.0477115 -2.22045e-16)
(-4.44089e-16 0.0477115 2.22045e-16)
(4.44089e-16 0.0477115 -2.22045e-16)
(0 0.0477115 2.22045e-16)
(-6.93889e-18 0.0477115 4.44089e-16)
(0 0.0477115 2.22045e-16)
(0 0.0477115 0)
(5.55112e-17 0.0477115 2.22045e-16)
(0 0.0477115 2.22045e-16)
(2.22045e-16 0.0477115 4.44089e-16)
(2.22045e-16 0.0477115 2.22045e-16)
(2.22045e-16 0.0477115 2.22045e-16)
(0 0.0477115 2.22045e-16)
(1.11022e-16 0.0477115 2.22045e-16)
(0 0.0477115 2.22045e-16)
(2.22045e-16 0.0477115 4.44089e-16)
(0 0.0477115 4.44089e-16)
(0 0.0477115 2.22045e-16)
(2.22045e-16 0.0477115 4.44089e-16)
(2.22045e-16 0.0477115 4.44089e-16)
(4.44089e-16 0.0477115 4.44089e-16)
(-2.22045e-16 0.0477115 2.22045e-16)
(0 0.0477115 2.22045e-16)
(2.22045e-16 0.0477115 2.22045e-16)
(4.44089e-16 0.0477115 0)
(0 0.0477115 0)
(4.44089e-16 0.0477115 0)
(-8.88178e-16 0.0477115 2.22045e-16)
(4.44089e-16 0.0477115 2.22045e-16)
(-4.44089e-16 0.0477115 2.22045e-16)
(-4.44089e-16 0.0477115 2.22045e-16)
(-4.44089e-16 0.0477115 0)
(0 0.0477115 2.22045e-16)
(4.44089e-16 0.0477115 2.22045e-16)
(4.44089e-16 0.0477115 -2.22045e-16)
(-1.33227e-15 0.0477115 0)
(-4.44089e-16 0.0477115 0)
(0 0.0477115 2.22045e-16)
(0 0.0477115 0)
(-4.44089e-16 0.0477115 2.22045e-16)
(-4.44089e-16 0.0477115 2.22045e-16)
(0 0.0477115 0)
(0 0.0477115 2.22045e-16)
(8.88178e-16 0.0477115 4.44089e-16)
(0 0.0477115 0)
(-2.77556e-17 0.0477115 0)
(2.77556e-17 0.0477115 2.22045e-16)
(-1.11022e-16 0.0477115 -4.44089e-16)
(0 0.0477115 0)
(0 0.0477115 2.22045e-16)
(0 0.0477115 0)
(1.11022e-16 0.0477115 0)
(0 0.0477115 0)
(0 0.0477115 0)
(-2.22045e-16 0.0477115 0)
(-2.22045e-16 0.0477115 -2.22045e-16)
(-2.22045e-16 0.0477115 0)
(-2.22045e-16 0.0477115 0)
(0 0.0477115 0)
(-2.22045e-16 0.0477115 0)
(2.22045e-16 0.0477115 0)
(0 0.0477115 0)
(0 0.0477115 0)
(-2.22045e-16 0.0477115 -2.22045e-16)
(-8.88178e-16 0.0477115 -2.22045e-16)
(4.44089e-16 0.0477115 -2.22045e-16)
(4.44089e-16 0.0477115 -4.44089e-16)
(-4.44089e-16 0.0477115 0)
(0 0.0477115 0)
(-4.44089e-16 0.0477115 0)
(-4.44089e-16 0.0477115 0)
(4.44089e-16 0.0477115 0)
(-4.44089e-16 0.0477115 0)
(0 0.0477115 0)
(-4.44089e-16 0.0477115 -2.22045e-16)
(-4.44089e-16 0.0477115 0)
(-4.44089e-16 0.0477115 -2.22045e-16)
(0 0.0477115 0)
(0 0.0477115 -2.22045e-16)
(-4.44089e-16 0.0477115 -2.22045e-16)
(-4.44089e-16 0.0477115 0)
(0 0.0477115 0)
(4.44089e-16 0.0477115 0)
(-4.44089e-16 0.0477115 -2.22045e-16)
(0 0.0477115 2.22045e-16)
(-2.77556e-17 0.0477115 0)
(2.77556e-17 0.0477115 0)
(-5.55112e-17 0.0477115 2.22045e-16)
(1.11022e-16 0.0477115 0)
(1.11022e-16 0.0477115 2.22045e-16)
(0 0.0477115 0)
(1.11022e-16 0.0477115 -4.44089e-16)
(-1.11022e-16 0.0477115 2.22045e-16)
(1.11022e-16 0.0477115 -2.22045e-16)
(0 0.0477115 -4.44089e-16)
(0 0.0477115 -4.44089e-16)
(0 0.0477115 -2.22045e-16)
(2.22045e-16 0.0477115 -4.44089e-16)
(4.44089e-16 0.0477115 0)
(2.22045e-16 0.0477115 -4.44089e-16)
(-2.22045e-16 0.0477115 -6.66134e-16)
(2.22045e-16 0.0477115 -4.44089e-16)
(0 0.0477115 -4.44089e-16)
(-2.22045e-16 0.0477115 -2.22045e-16)
(4.44089e-16 0.0477115 -6.66134e-16)
(4.44089e-16 0.0477115 -4.44089e-16)
(4.44089e-16 0.0477115 -2.22045e-16)
(-4.44089e-16 0.0477115 -6.66134e-16)
(0 0.0477115 -2.22045e-16)
(-4.44089e-16 0.0477115 -2.22045e-16)
(0 0.0477115 -2.22045e-16)
(4.44089e-16 0.0477115 -2.22045e-16)
(-4.44089e-16 0.0477115 -2.22045e-16)
(0 0.0477115 -2.22045e-16)
(4.44089e-16 0.0477115 -8.88178e-16)
(-4.44089e-16 0.0477115 -2.22045e-16)
(0 0.0477115 -2.22045e-16)
(0 0.0477115 -2.22045e-16)
(4.44089e-16 0.0477115 -4.44089e-16)
(-4.44089e-16 0.0477115 -2.22045e-16)
(0 0.0477115 -2.22045e-16)
(-4.44089e-16 0.0477115 -2.22045e-16)
(1.33227e-15 0.0477115 -2.22045e-16)
(4.44089e-16 0.0477115 -4.44089e-16)
(0 0.0477115 -2.22045e-16)
(-2.77556e-17 0.0477115 0)
(2.77556e-17 0.0477115 0)
(-1.11022e-16 0.0477115 -2.22045e-16)
(5.55112e-17 0.0477115 2.22045e-16)
(-1.11022e-16 0.0477115 2.22045e-16)
(1.11022e-16 0.0477115 4.44089e-16)
(1.11022e-16 0.0477115 4.44089e-16)
(-1.11022e-16 0.0477115 2.22045e-16)
(1.11022e-16 0.0477115 0)
(2.22045e-16 0.0477115 4.44089e-16)
(0 0.0477115 4.44089e-16)
(0 0.0477115 2.22045e-16)
(4.44089e-16 0.0477115 4.44089e-16)
(0 0.0477115 2.22045e-16)
(0 0.0477115 -2.22045e-16)
(2.22045e-16 0.0477115 4.44089e-16)
(0 0.0477115 2.22045e-16)
(2.22045e-16 0.0477115 0)
(-2.22045e-16 0.0477115 0)
(0 0.0477115 0)
(0 0.0477115 0)
(0 0.0477115 0)
(4.44089e-16 0.0477115 0)
(0 0.0477115 0)
(-4.44089e-16 0.0477115 0)
(0 0.0477115 0)
(4.44089e-16 0.0477115 0)
(4.44089e-16 0.0477115 0)
(0 0.0477115 0)
(-4.44089e-16 0.0477115 -2.22045e-16)
(-4.44089e-16 0.0477115 0)
(0 0.0477115 0)
(0 0.0477115 0)
(0 0.0477115 0)
(4.44089e-16 0.0477115 -2.22045e-16)
(-4.44089e-16 0.0477115 -2.22045e-16)
(0 0.0477115 0)
(0 0.0477115 0)
(4.44089e-16 0.0477115 0)
(0 0.0477115 4.44089e-16)
(0 0.0477115 0)
(-5.55112e-17 0.0477115 0)
(5.55112e-17 0.0477115 2.22045e-16)
(1.11022e-16 0.0477115 2.22045e-16)
(0 0.0477115 2.22045e-16)
(0 0.0477115 2.22045e-16)
(0 0.0477115 4.44089e-16)
(0 0.0477115 2.22045e-16)
(1.11022e-16 0.0477115 2.22045e-16)
(0 0.0477115 4.44089e-16)
(0 0.0477115 2.22045e-16)
(2.22045e-16 0.0477115 6.66134e-16)
(0 0.0477115 2.22045e-16)
(2.22045e-16 0.0477115 6.66134e-16)
(4.44089e-16 0.0477115 2.22045e-16)
(0 0.0477115 2.22045e-16)
(0 0.0477115 2.22045e-16)
(0 0.0477115 2.22045e-16)
(0 0.0477115 2.22045e-16)
(4.44089e-16 0.0477115 -4.44089e-16)
(0 0.0477115 0)
(4.44089e-16 0.0477115 2.22045e-16)
(0 0.0477115 -2.22045e-16)
(4.44089e-16 0.0477115 2.22045e-16)
(-4.44089e-16 0.0477115 -4.44089e-16)
(0 0.0477115 -4.44089e-16)
(4.44089e-16 0.0477115 2.22045e-16)
(-4.44089e-16 0.0477115 -4.44089e-16)
(8.88178e-16 0.0477115 2.22045e-16)
(8.88178e-16 0.0477115 -2.22045e-16)
(-4.44089e-16 0.0477115 -4.44089e-16)
(0 0.0477115 0)
(0 0.0477115 0)
(0 0.0477115 0)
(-4.44089e-16 0.0477115 -2.22045e-16)
(0 0.0477115 -4.44089e-16)
(4.44089e-16 0.0477115 2.22045e-16)
(4.44089e-16 0.0477115 -4.44089e-16)
(0 0.0477115 0)
(-6.93889e-18 0.0477115 2.22045e-16)
(0 0.0477115 4.44089e-16)
(0 0.0477115 0)
(5.55112e-17 0.0477115 4.44089e-16)
(0 0.0477115 2.22045e-16)
(1.11022e-16 0.0477115 6.66134e-16)
(1.11022e-16 0.0477115 6.66134e-16)
(2.22045e-16 0.0477115 0)
(-1.11022e-16 0.0477115 4.44089e-16)
(0 0.0477115 4.44089e-16)
(0 0.0477115 0)
(2.22045e-16 0.0477115 6.66134e-16)
(2.22045e-16 0.0477115 2.22045e-16)
(2.22045e-16 0.0477115 4.44089e-16)
(2.22045e-16 0.0477115 2.22045e-16)
(2.22045e-16 0.0477115 -2.22045e-16)
(4.44089e-16 0.0477115 4.44089e-16)
(0 0.0477115 0)
(-2.22045e-16 0.0477115 4.44089e-16)
(2.22045e-16 0.0477115 4.44089e-16)
(4.44089e-16 0.0477115 -2.22045e-16)
(0 0.0477115 0)
(4.44089e-16 0.0477115 0)
(0 0.0477115 2.22045e-16)
(4.44089e-16 0.0477115 2.22045e-16)
(-8.88178e-16 0.0477115 -2.22045e-16)
(-4.44089e-16 0.0477115 -2.22045e-16)
(-4.44089e-16 0.0477115 -4.44089e-16)
(-8.88178e-16 0.0477115 -2.22045e-16)
(8.88178e-16 0.0477115 2.22045e-16)
(4.44089e-16 0.0477115 0)
(-4.44089e-16 0.0477115 0)
(-4.44089e-16 0.0477115 -2.22045e-16)
(0 0.0477115 -4.44089e-16)
(0 0.0477115 0)
(-4.44089e-16 0.0477115 0)
(-4.44089e-16 0.0477115 -2.22045e-16)
(0 0.0477115 0)
(-8.88178e-16 0.0477115 -2.22045e-16)
(1.33227e-15 0.0477115 4.44089e-16)
(-6.93889e-18 0.0477115 0)
(-2.77556e-17 0.0477115 0)
(-2.77556e-17 0.0477115 -4.44089e-16)
(-5.55112e-17 0.0477115 0)
(1.11022e-16 0.0477115 2.22045e-16)
(0 0.0477115 2.22045e-16)
(1.11022e-16 0.0477115 2.22045e-16)
(0 0.0477115 0)
(-1.11022e-16 0.0477115 0)
(2.22045e-16 0.0477115 0)
(-2.22045e-16 0.0477115 2.22045e-16)
(-2.22045e-16 0.0477115 -4.44089e-16)
(-2.22045e-16 0.0477115 2.22045e-16)
(0 0.0477115 -4.44089e-16)
(0 0.0477115 4.44089e-16)
(0 0.0477115 -2.22045e-16)
(2.22045e-16 0.0477115 -4.44089e-16)
(4.44089e-16 0.0477115 0)
(0 0.0477115 -2.22045e-16)
(0 0.0477115 2.22045e-16)
(-8.88178e-16 0.0477115 -4.44089e-16)
(4.44089e-16 0.0477115 2.22045e-16)
(4.44089e-16 0.0477115 0)
(-4.44089e-16 0.0477115 -6.66134e-16)
(0 0.0477115 0)
(-1.33227e-15 0.0477115 -4.44089e-16)
(-8.88178e-16 0.0477115 -4.44089e-16)
(-4.44089e-16 0.0477115 0)
(-8.88178e-16 0.0477115 -2.22045e-16)
(4.44089e-16 0.0477115 4.44089e-16)
(-8.88178e-16 0.0477115 -2.22045e-16)
(-1.77636e-15 0.0477115 -4.44089e-16)
(-4.44089e-16 0.0477115 -2.22045e-16)
(-4.44089e-16 0.0477115 -6.66134e-16)
(4.44089e-16 0.0477115 2.22045e-16)
(-4.44089e-16 0.0477115 -2.22045e-16)
(-1.33227e-15 0.0477115 -6.66134e-16)
(0 0.0477115 0)
(-8.88178e-16 0.0477115 -4.44089e-16)
(-4.44089e-16 0.0477115 4.44089e-16)
(0 0.0477115 0)
(0 0.0477115 0)
(-2.77556e-17 0.0477115 0)
(5.55112e-17 0.0477115 0)
(5.55112e-17 0.0477115 0)
(0 0.0477115 2.22045e-16)
(1.11022e-16 0.0477115 4.44089e-16)
(1.11022e-16 0.0477115 0)
(0 0.0477115 0)
(2.22045e-16 0.0477115 2.22045e-16)
(2.22045e-16 0.0477115 0)
(0 0.0477115 -2.22045e-16)
(2.22045e-16 0.0477115 2.22045e-16)
(2.22045e-16 0.0477115 -2.22045e-16)
(2.22045e-16 0.0477115 0)
(0 0.0477115 -2.22045e-16)
(0 0.0477115 0)
(4.44089e-16 0.0477115 0)
(0 0.0477115 -2.22045e-16)
(-2.22045e-16 0.0477115 0)
(4.44089e-16 0.0477115 -4.44089e-16)
(4.44089e-16 0.0477115 0)
(4.44089e-16 0.0477115 -4.44089e-16)
(-4.44089e-16 0.0477115 -2.22045e-16)
(0 0.0477115 -2.22045e-16)
(-4.44089e-16 0.0477115 -4.44089e-16)
(0 0.0477115 -4.44089e-16)
(-4.44089e-16 0.0477115 -4.44089e-16)
(-4.44089e-16 0.0477115 -4.44089e-16)
(0 0.0477115 -2.22045e-16)
(0 0.0477115 -4.44089e-16)
(-1.33227e-15 0.0477115 -6.66134e-16)
(-4.44089e-16 0.0477115 -4.44089e-16)
(-4.44089e-16 0.0477115 -4.44089e-16)
(0 0.0477115 0)
(-4.44089e-16 0.0477115 -4.44089e-16)
(-4.44089e-16 0.0477115 -4.44089e-16)
(0 0.0477115 -4.44089e-16)
(4.44089e-16 0.0477115 -4.44089e-16)
(0 0.0477115 -4.44089e-16)
(0 0.0477115 -2.22045e-16)
(0 0.0477115 0)
(0 0.0477115 -4.44089e-16)
(-1.11022e-16 0.0477115 2.22045e-16)
(0 0.0477115 0)
(-1.11022e-16 0.0477115 2.22045e-16)
(0 0.0477115 -2.22045e-16)
(1.11022e-16 0.0477115 2.22045e-16)
(-2.22045e-16 0.0477115 2.22045e-16)
(1.11022e-16 0.0477115 -2.22045e-16)
(2.22045e-16 0.0477115 2.22045e-16)
(0 0.0477115 -2.22045e-16)
(0 0.0477115 0)
(2.22045e-16 0.0477115 -2.22045e-16)
(-4.44089e-16 0.0477115 -4.44089e-16)
(0 0.0477115 -2.22045e-16)
(4.44089e-16 0.0477115 0)
(0 0.0477115 2.22045e-16)
(0 0.0477115 0)
(-2.22045e-16 0.0477115 -4.44089e-16)
(-4.44089e-16 0.0477115 -4.44089e-16)
(0 0.0477115 0)
(4.44089e-16 0.0477115 0)
(0 0.0477115 -4.44089e-16)
(0 0.0477115 -2.22045e-16)
(-4.44089e-16 0.0477115 -4.44089e-16)
(0 0.0477115 -4.44089e-16)
(-4.44089e-16 0.0477115 -2.22045e-16)
(0 0.0477115 -2.22045e-16)
(4.44089e-16 0.0477115 -2.22045e-16)
(4.44089e-16 0.0477115 -4.44089e-16)
(-4.44089e-16 0.0477115 -2.22045e-16)
(0 0.0477115 -2.22045e-16)
(4.44089e-16 0.0477115 -2.22045e-16)
(4.44089e-16 0.0477115 -2.22045e-16)
(0 0.0477115 -4.44089e-16)
(-4.44089e-16 0.0477115 -4.44089e-16)
(-4.44089e-16 0.0477115 -2.22045e-16)
(8.88178e-16 0.0477115 -2.22045e-16)
(1.33227e-15 0.0477115 -2.22045e-16)
(0 0.0477115 2.22045e-16)
(0 0.0477115 4.44089e-16)
(2.77556e-17 0.0477115 2.22045e-16)
(5.55112e-17 0.0477115 0)
(1.11022e-16 0.0477115 0)
(1.11022e-16 0.0477115 4.44089e-16)
(1.11022e-16 0.0477115 6.66134e-16)
(1.11022e-16 0.0477115 2.22045e-16)
(-1.11022e-16 0.0477115 2.22045e-16)
(2.22045e-16 0.0477115 4.44089e-16)
(0 0.0477115 0)
(0 0.0477115 0)
(0 0.0477115 0)
(2.22045e-16 0.0477115 2.22045e-16)
(2.22045e-16 0.0477115 2.22045e-16)
(2.22045e-16 0.0477115 4.44089e-16)
(-2.22045e-16 0.0477115 -2.22045e-16)
(2.22045e-16 0.0477115 0)
(0 0.0477115 2.22045e-16)
(0 0.0477115 0)
(4.44089e-16 0.0477115 2.22045e-16)
(0 0.0477115 -2.22045e-16)
(4.44089e-16 0.0477115 2.22045e-16)
(-4.44089e-16 0.0477115 0)
(4.44089e-16 0.0477115 2.22045e-16)
(-4.44089e-16 0.0477115 0)
(0 0.0477115 0)
(4.44089e-16 0.0477115 2.22045e-16)
(-4.44089e-16 0.0477115 0)
(8.88178e-16 0.0477115 2.22045e-16)
(0 0.0477115 0)
(-1.33227e-15 0.0477115 -2.22045e-16)
(0 0.0477115 0)
(4.44089e-16 0.0477115 0)
(0 0.0477115 -2.22045e-16)
(-8.88178e-16 0.0477115 0)
(-4.44089e-16 0.0477115 0)
(4.44089e-16 0.0477115 2.22045e-16)
(4.44089e-16 0.0477115 0)
(0 0.0477115 4.44089e-16)
(-1.38778e-17 0.0477115 -2.22045e-16)
(0 0.0477115 2.22045e-16)
(0 0.0477115 4.44089e-16)
(-1.11022e-16 0.0477115 0)
(0 0.0477115 6.66134e-16)
(2.22045e-16 0.0477115 2.22045e-16)
(1.11022e-16 0.0477115 4.44089e-16)
(1.11022e-16 0.0477115 4.44089e-16)
(0 0.0477115 2.22045e-16)
(1.11022e-16 0.0477115 0)
(2.22045e-16 0.0477115 2.22045e-16)
(2.22045e-16 0.0477115 0)
(2.22045e-16 0.0477115 4.44089e-16)
(0 0.0477115 0)
(0 0.0477115 -2.22045e-16)
(4.44089e-16 0.0477115 0)
(4.44089e-16 0.0477115 0)
(0 0.0477115 2.22045e-16)
(0 0.0477115 0)
(0 0.0477115 2.22045e-16)
(0 0.0477115 -2.22045e-16)
(-4.44089e-16 0.0477115 -4.44089e-16)
(4.44089e-16 0.0477115 0)
(-4.44089e-16 0.0477115 2.22045e-16)
(0 0.0477115 0)
(-4.44089e-16 0.0477115 -2.22045e-16)
(0 0.0477115 2.22045e-16)
(-4.44089e-16 0.0477115 0)
(0 0.0477115 0)
(0 0.0477115 -2.22045e-16)
(0 0.0477115 -4.44089e-16)
(-8.88178e-16 0.0477115 -4.44089e-16)
(-4.44089e-16 0.0477115 -2.22045e-16)
(4.44089e-16 0.0477115 0)
(-4.44089e-16 0.0477115 -4.44089e-16)
(-8.88178e-16 0.0477115 -2.22045e-16)
(0 0.0477115 2.22045e-16)
(0 0.0477115 0)
(4.44089e-16 0.0477115 2.22045e-16)
(8.88178e-16 0.0477115 0)
)
;
    }
    sides1_half0
    {
        type            cyclic;
    }
    sides1_half1
    {
        type            cyclic;
    }
    sides2_half0
    {
        type            cyclic;
    }
    sides2_half1
    {
        type            cyclic;
    }
    inout1_half0
    {
        type            cyclic;
    }
    inout1_half1
    {
        type            cyclic;
    }
    inout2_half0
    {
        type            cyclic;
    }
    inout2_half1
    {
        type            cyclic;
    }
    procBoundary3to1
    {
        type            processor;
        value           uniform (6.94241e-310 6.94241e-310 4.63997e-310);
    }
    procBoundary3to1throughsides2_half1
    {
        type            processorCyclic;
        value           uniform (0 0 0);
    }
    procBoundary3to2
    {
        type            processor;
        value           nonuniform List<vector> 
800
(
(6.94241e-310 6.94241e-310 4.63997e-310)
(4.63997e-310 -0.047739 0)
(0 -0.047739 0)
(5.55112e-17 -0.047739 2.22045e-16)
(-5.55112e-17 -0.047739 -2.22045e-16)
(0 -0.047739 0)
(0 -0.047739 0)
(0 -0.047739 0)
(1.11022e-16 -0.047739 -2.22045e-16)
(0 -0.047739 -2.22045e-16)
(2.22045e-16 -0.047739 0)
(2.22045e-16 -0.047739 2.22045e-16)
(0 -0.047739 0)
(-2.22045e-16 -0.047739 0)
(-4.44089e-16 -0.047739 0)
(2.22045e-16 -0.047739 0)
(-2.22045e-16 -0.047739 0)
(-2.22045e-16 -0.047739 0)
(0 -0.047739 0)
(-2.22045e-16 -0.047739 0)
(0 -0.047739 0)
(0 -0.047739 0)
(4.44089e-16 -0.047739 -4.44089e-16)
(-4.44089e-16 -0.047739 0)
(-4.44089e-16 -0.047739 0)
(-8.88178e-16 -0.047739 0)
(-4.44089e-16 -0.047739 0)
(0 -0.047739 -2.22045e-16)
(0 -0.047739 0)
(0 -0.047739 0)
(0 -0.047739 0)
(-8.88178e-16 -0.047739 0)
(0 -0.047739 -4.44089e-16)
(-8.88178e-16 -0.047739 0)
(-8.88178e-16 -0.047739 0)
(-4.44089e-16 -0.047739 0)
(0 -0.047739 0)
(-8.88178e-16 -0.047739 -4.44089e-16)
(0 -0.047739 0)
(-8.88178e-16 -0.047739 0)
(0 -0.047739 0)
(-5.55112e-17 -0.047739 -2.22045e-16)
(-5.55112e-17 -0.047739 0)
(-5.55112e-17 -0.047739 0)
(0 -0.047739 0)
(0 -0.047739 -2.22045e-16)
(0 -0.047739 -2.22045e-16)
(-1.11022e-16 -0.047739 0)
(-1.11022e-16 -0.047739 0)
(0 -0.047739 -2.22045e-16)
(2.22045e-16 -0.047739 2.22045e-16)
(0 -0.047739 0)
(0 -0.047739 2.22045e-16)
(-4.44089e-16 -0.047739 0)
(0 -0.047739 0)
(0 -0.047739 0)
(-4.44089e-16 -0.047739 0)
(2.22045e-16 -0.047739 2.22045e-16)
(-2.22045e-16 -0.047739 0)
(-8.88178e-16 -0.047739 -2.22045e-16)
(0 -0.047739 -2.22045e-16)
(0 -0.047739 0)
(0 -0.047739 0)
(0 -0.047739 -2.22045e-16)
(0 -0.047739 0)
(-4.44089e-16 -0.047739 -2.22045e-16)
(-4.44089e-16 -0.047739 -2.22045e-16)
(4.44089e-16 -0.047739 0)
(-4.44089e-16 -0.047739 -4.44089e-16)
(-4.44089e-16 -0.047739 0)
(0 -0.047739 -2.22045e-16)
(-4.44089e-16 -0.047739 0)
(0 -0.047739 0)
(0 -0.047739 -2.22045e-16)
(-8.88178e-16 -0.047739 0)
(4.44089e-16 -0.047739 -2.22045e-16)
(0 -0.047739 -2.22045e-16)
(-1.33227e-15 -0.047739 0)
(-4.44089e-16 -0.047739 -4.44089e-16)
(0 -0.047739 0)
(6.93889e-18 -0.047739 2.22045e-16)
(-2.77556e-17 -0.047739 0)
(-5.55112e-17 -0.047739 0)
(5.55112e-17 -0.047739 4.44089e-16)
(5.55112e-17 -0.047739 0)
(-1.11022e-16 -0.047739 0)
(0 -0.047739 0)
(0 -0.047739 2.22045e-16)
(0 -0.047739 0)
(-1.11022e-16 -0.047739 0)
(-2.22045e-16 -0.047739 2.22045e-16)
(-2.22045e-16 -0.047739 -2.22045e-16)
(2.22045e-16 -0.047739 2.22045e-16)
(-2.22045e-16 -0.047739 -2.22045e-16)
(-4.44089e-16 -0.047739 2.22045e-16)
(-2.22045e-16 -0.047739 2.22045e-16)
(-6.66134e-16 -0.047739 -2.22045e-16)
(2.22045e-16 -0.047739 4.44089e-16)
(-2.22045e-16 -0.047739 -2.22045e-16)
(2.22045e-16 -0.047739 2.22045e-16)
(-8.88178e-16 -0.047739 4.44089e-16)
(0 -0.047739 4.44089e-16)
(-4.44089e-16 -0.047739 2.22045e-16)
(4.44089e-16 -0.047739 2.22045e-16)
(0 -0.047739 4.44089e-16)
(-8.88178e-16 -0.047739 4.44089e-16)
(0 -0.047739 2.22045e-16)
(-4.44089e-16 -0.047739 0)
(0 -0.047739 4.44089e-16)
(-4.44089e-16 -0.047739 2.22045e-16)
(0 -0.047739 4.44089e-16)
(0 -0.047739 2.22045e-16)
(0 -0.047739 0)
(0 -0.047739 4.44089e-16)
(0 -0.047739 2.22045e-16)
(4.44089e-16 -0.047739 2.22045e-16)
(0 -0.047739 2.22045e-16)
(-4.44089e-16 -0.047739 0)
(8.88178e-16 -0.047739 2.22045e-16)
(8.88178e-16 -0.047739 2.22045e-16)
(0 -0.047739 -2.22045e-16)
(-2.77556e-17 -0.047739 0)
(-5.55112e-17 -0.047739 -2.22045e-16)
(-5.55112e-17 -0.047739 0)
(-5.55112e-17 -0.047739 0)
(1.11022e-16 -0.047739 0)
(0 -0.047739 0)
(-2.22045e-16 -0.047739 -2.22045e-16)
(-1.11022e-16 -0.047739 0)
(1.11022e-16 -0.047739 0)
(2.22045e-16 -0.047739 0)
(0 -0.047739 2.22045e-16)
(0 -0.047739 0)
(-4.44089e-16 -0.047739 2.22045e-16)
(0 -0.047739 -2.22045e-16)
(-2.22045e-16 -0.047739 2.22045e-16)
(-4.44089e-16 -0.047739 2.22045e-16)
(6.66134e-16 -0.047739 0)
(-4.44089e-16 -0.047739 2.22045e-16)
(-8.88178e-16 -0.047739 -2.22045e-16)
(0 -0.047739 -2.22045e-16)
(0 -0.047739 -2.22045e-16)
(4.44089e-16 -0.047739 0)
(-4.44089e-16 -0.047739 -2.22045e-16)
(0 -0.047739 -2.22045e-16)
(-1.33227e-15 -0.047739 -2.22045e-16)
(-4.44089e-16 -0.047739 -2.22045e-16)
(4.44089e-16 -0.047739 2.22045e-16)
(-4.44089e-16 -0.047739 -2.22045e-16)
(-4.44089e-16 -0.047739 0)
(-4.44089e-16 -0.047739 -2.22045e-16)
(-8.88178e-16 -0.047739 0)
(0 -0.047739 0)
(-4.44089e-16 -0.047739 -2.22045e-16)
(-8.88178e-16 -0.047739 0)
(-4.44089e-16 -0.047739 -2.22045e-16)
(-8.88178e-16 -0.047739 0)
(-8.88178e-16 -0.047739 0)
(-1.33227e-15 -0.047739 -2.22045e-16)
(-4.44089e-16 -0.047739 -2.22045e-16)
(0 -0.047739 2.22045e-16)
(-5.55112e-17 -0.047739 -2.22045e-16)
(-5.55112e-17 -0.047739 0)
(-5.55112e-17 -0.047739 0)
(0 -0.047739 2.22045e-16)
(-1.11022e-16 -0.047739 0)
(0 -0.047739 2.22045e-16)
(-2.22045e-16 -0.047739 2.22045e-16)
(0 -0.047739 2.22045e-16)
(2.22045e-16 -0.047739 2.22045e-16)
(2.22045e-16 -0.047739 0)
(0 -0.047739 -2.22045e-16)
(2.22045e-16 -0.047739 0)
(-4.44089e-16 -0.047739 -2.22045e-16)
(0 -0.047739 -2.22045e-16)
(0 -0.047739 0)
(-4.44089e-16 -0.047739 -2.22045e-16)
(6.66134e-16 -0.047739 0)
(-4.44089e-16 -0.047739 -2.22045e-16)
(-8.88178e-16 -0.047739 -2.22045e-16)
(0 -0.047739 -2.22045e-16)
(0 -0.047739 0)
(0 -0.047739 0)
(0 -0.047739 0)
(0 -0.047739 -2.22045e-16)
(-8.88178e-16 -0.047739 0)
(-4.44089e-16 -0.047739 0)
(4.44089e-16 -0.047739 0)
(-4.44089e-16 -0.047739 -2.22045e-16)
(-4.44089e-16 -0.047739 -2.22045e-16)
(0 -0.047739 -2.22045e-16)
(-8.88178e-16 -0.047739 0)
(0 -0.047739 0)
(-4.44089e-16 -0.047739 0)
(-8.88178e-16 -0.047739 -2.22045e-16)
(4.44089e-16 -0.047739 0)
(0 -0.047739 0)
(-8.88178e-16 -0.047739 0)
(-4.44089e-16 -0.047739 -2.22045e-16)
(0 -0.047739 -2.22045e-16)
(0 -0.047739 0)
(0 -0.047739 2.22045e-16)
(0 -0.047739 0)
(5.55112e-17 -0.047739 2.22045e-16)
(5.55112e-17 -0.047739 2.22045e-16)
(1.11022e-16 -0.047739 0)
(0 -0.047739 0)
(0 -0.047739 -4.44089e-16)
(0 -0.047739 0)
(2.22045e-16 -0.047739 0)
(2.22045e-16 -0.047739 -2.22045e-16)
(2.22045e-16 -0.047739 0)
(2.22045e-16 -0.047739 -2.22045e-16)
(0 -0.047739 -2.22045e-16)
(-4.44089e-16 -0.047739 -2.22045e-16)
(2.22045e-16 -0.047739 -2.22045e-16)
(-2.22045e-16 -0.047739 -2.22045e-16)
(-2.22045e-16 -0.047739 -2.22045e-16)
(0 -0.047739 0)
(-8.88178e-16 -0.047739 -2.22045e-16)
(0 -0.047739 -2.22045e-16)
(0 -0.047739 -2.22045e-16)
(4.44089e-16 -0.047739 0)
(-4.44089e-16 -0.047739 -2.22045e-16)
(-4.44089e-16 -0.047739 -2.22045e-16)
(-4.44089e-16 -0.047739 -2.22045e-16)
(-4.44089e-16 -0.047739 -2.22045e-16)
(0 -0.047739 -2.22045e-16)
(-4.44089e-16 -0.047739 -2.22045e-16)
(0 -0.047739 -2.22045e-16)
(0 -0.047739 -2.22045e-16)
(-4.44089e-16 -0.047739 -2.22045e-16)
(0 -0.047739 -4.44089e-16)
(-4.44089e-16 -0.047739 -2.22045e-16)
(-8.88178e-16 -0.047739 -2.22045e-16)
(-4.44089e-16 -0.047739 -2.22045e-16)
(0 -0.047739 0)
(-8.88178e-16 -0.047739 -2.22045e-16)
(0 -0.047739 -2.22045e-16)
(-4.44089e-16 -0.047739 -2.22045e-16)
(0 -0.047739 0)
(-2.77556e-17 -0.047739 -2.22045e-16)
(-5.55112e-17 -0.047739 -2.22045e-16)
(-5.55112e-17 -0.047739 0)
(0 -0.047739 0)
(0 -0.047739 -2.22045e-16)
(0 -0.047739 0)
(-1.11022e-16 -0.047739 0)
(0 -0.047739 -2.22045e-16)
(1.11022e-16 -0.047739 2.22045e-16)
(2.22045e-16 -0.047739 0)
(2.22045e-16 -0.047739 -2.22045e-16)
(0 -0.047739 0)
(-2.22045e-16 -0.047739 -2.22045e-16)
(0 -0.047739 -2.22045e-16)
(0 -0.047739 0)
(-4.44089e-16 -0.047739 0)
(2.22045e-16 -0.047739 0)
(-4.44089e-16 -0.047739 -2.22045e-16)
(-6.66134e-16 -0.047739 0)
(0 -0.047739 -2.22045e-16)
(-4.44089e-16 -0.047739 -2.22045e-16)
(4.44089e-16 -0.047739 0)
(0 -0.047739 -2.22045e-16)
(4.44089e-16 -0.047739 -2.22045e-16)
(-8.88178e-16 -0.047739 -2.22045e-16)
(-4.44089e-16 -0.047739 -2.22045e-16)
(4.44089e-16 -0.047739 0)
(-4.44089e-16 -0.047739 -2.22045e-16)
(0 -0.047739 -2.22045e-16)
(0 -0.047739 -2.22045e-16)
(-8.88178e-16 -0.047739 -2.22045e-16)
(0 -0.047739 0)
(-4.44089e-16 -0.047739 -2.22045e-16)
(0 -0.047739 -2.22045e-16)
(4.44089e-16 -0.047739 -2.22045e-16)
(0 -0.047739 -2.22045e-16)
(-8.88178e-16 -0.047739 0)
(0 -0.047739 -2.22045e-16)
(-4.44089e-16 -0.047739 -2.22045e-16)
(0 -0.047739 -2.22045e-16)
(0 -0.047739 0)
(-5.55112e-17 -0.047739 0)
(5.55112e-17 -0.047739 4.44089e-16)
(5.55112e-17 -0.047739 0)
(-1.11022e-16 -0.047739 0)
(0 -0.047739 0)
(0 -0.047739 2.22045e-16)
(0 -0.047739 4.44089e-16)
(0 -0.047739 -2.22045e-16)
(-2.22045e-16 -0.047739 2.22045e-16)
(-2.22045e-16 -0.047739 -2.22045e-16)
(2.22045e-16 -0.047739 2.22045e-16)
(-4.44089e-16 -0.047739 -2.22045e-16)
(0 -0.047739 2.22045e-16)
(-2.22045e-16 -0.047739 0)
(-8.88178e-16 -0.047739 -6.66134e-16)
(0 -0.047739 2.22045e-16)
(-2.22045e-16 -0.047739 -2.22045e-16)
(-2.22045e-16 -0.047739 -2.22045e-16)
(-4.44089e-16 -0.047739 2.22045e-16)
(4.44089e-16 -0.047739 2.22045e-16)
(-4.44089e-16 -0.047739 0)
(0 -0.047739 2.22045e-16)
(4.44089e-16 -0.047739 2.22045e-16)
(-4.44089e-16 -0.047739 2.22045e-16)
(4.44089e-16 -0.047739 2.22045e-16)
(0 -0.047739 -2.22045e-16)
(0 -0.047739 2.22045e-16)
(-4.44089e-16 -0.047739 -2.22045e-16)
(-4.44089e-16 -0.047739 2.22045e-16)
(0 -0.047739 2.22045e-16)
(0 -0.047739 -2.22045e-16)
(-4.44089e-16 -0.047739 2.22045e-16)
(-4.44089e-16 -0.047739 -2.22045e-16)
(0 -0.047739 4.44089e-16)
(-4.44089e-16 -0.047739 2.22045e-16)
(0 -0.047739 2.22045e-16)
(0 -0.047739 4.44089e-16)
(-4.44089e-16 -0.047739 -2.22045e-16)
(0 -0.047739 2.22045e-16)
(-5.55112e-17 -0.047739 -2.22045e-16)
(-5.55112e-17 -0.047739 -2.22045e-16)
(-5.55112e-17 -0.047739 2.22045e-16)
(-5.55112e-17 -0.047739 2.22045e-16)
(-1.11022e-16 -0.047739 2.22045e-16)
(1.11022e-16 -0.047739 0)
(-1.11022e-16 -0.047739 2.22045e-16)
(0 -0.047739 0)
(-1.11022e-16 -0.047739 2.22045e-16)
(2.22045e-16 -0.047739 -2.22045e-16)
(0 -0.047739 0)
(0 -0.047739 -2.22045e-16)
(-2.22045e-16 -0.047739 2.22045e-16)
(0 -0.047739 2.22045e-16)
(0 -0.047739 2.22045e-16)
(-4.44089e-16 -0.047739 0)
(2.22045e-16 -0.047739 0)
(-2.22045e-16 -0.047739 0)
(-6.66134e-16 -0.047739 0)
(0 -0.047739 -2.22045e-16)
(-4.44089e-16 -0.047739 0)
(4.44089e-16 -0.047739 0)
(0 -0.047739 0)
(0 -0.047739 0)
(-8.88178e-16 -0.047739 0)
(-4.44089e-16 -0.047739 0)
(0 -0.047739 2.22045e-16)
(-4.44089e-16 -0.047739 -2.22045e-16)
(-4.44089e-16 -0.047739 0)
(0 -0.047739 -2.22045e-16)
(-8.88178e-16 -0.047739 0)
(0 -0.047739 -2.22045e-16)
(-4.44089e-16 -0.047739 0)
(-4.44089e-16 -0.047739 0)
(4.44089e-16 -0.047739 0)
(0 -0.047739 0)
(-8.88178e-16 -0.047739 -2.22045e-16)
(0 -0.047739 -2.22045e-16)
(-4.44089e-16 -0.047739 0)
(0 -0.047739 2.22045e-16)
(-2.77556e-17 -0.047739 0)
(-5.55112e-17 -0.047739 -2.22045e-16)
(-5.55112e-17 -0.047739 2.22045e-16)
(0 -0.047739 4.44089e-16)
(0 -0.047739 0)
(1.11022e-16 -0.047739 2.22045e-16)
(-1.11022e-16 -0.047739 0)
(0 -0.047739 -2.22045e-16)
(1.11022e-16 -0.047739 0)
(2.22045e-16 -0.047739 2.22045e-16)
(0 -0.047739 2.22045e-16)
(0 -0.047739 2.22045e-16)
(-4.44089e-16 -0.047739 2.22045e-16)
(0 -0.047739 -2.22045e-16)
(0 -0.047739 2.22045e-16)
(-4.44089e-16 -0.047739 0)
(4.44089e-16 -0.047739 0)
(-4.44089e-16 -0.047739 2.22045e-16)
(-8.88178e-16 -0.047739 -2.22045e-16)
(0 -0.047739 0)
(0 -0.047739 0)
(4.44089e-16 -0.047739 0)
(-4.44089e-16 -0.047739 -2.22045e-16)
(0 -0.047739 0)
(-8.88178e-16 -0.047739 -2.22045e-16)
(-4.44089e-16 -0.047739 -2.22045e-16)
(4.44089e-16 -0.047739 2.22045e-16)
(0 -0.047739 0)
(-4.44089e-16 -0.047739 -2.22045e-16)
(0 -0.047739 0)
(0 -0.047739 0)
(0 -0.047739 -2.22045e-16)
(-8.88178e-16 -0.047739 -2.22045e-16)
(-8.88178e-16 -0.047739 -2.22045e-16)
(-4.44089e-16 -0.047739 -2.22045e-16)
(0 -0.047739 0)
(-1.33227e-15 -0.047739 -2.22045e-16)
(0 -0.047739 0)
(0 -0.047739 0)
(-6.93889e-18 -0.047739 2.22045e-16)
(0 -0.047739 2.22045e-16)
(0 -0.047739 -2.22045e-16)
(5.55112e-17 -0.047739 4.44089e-16)
(-5.55112e-17 -0.047739 2.22045e-16)
(1.11022e-16 -0.047739 2.22045e-16)
(0 -0.047739 2.22045e-16)
(0 -0.047739 0)
(0 -0.047739 0)
(-1.11022e-16 -0.047739 2.22045e-16)
(2.22045e-16 -0.047739 2.22045e-16)
(2.22045e-16 -0.047739 4.44089e-16)
(0 -0.047739 2.22045e-16)
(0 -0.047739 2.22045e-16)
(-4.44089e-16 -0.047739 0)
(-2.22045e-16 -0.047739 2.22045e-16)
(-2.22045e-16 -0.047739 2.22045e-16)
(2.22045e-16 -0.047739 4.44089e-16)
(0 -0.047739 0)
(-8.88178e-16 -0.047739 0)
(0 -0.047739 0)
(0 -0.047739 0)
(4.44089e-16 -0.047739 0)
(-4.44089e-16 -0.047739 0)
(-4.44089e-16 -0.047739 0)
(-1.33227e-15 -0.047739 0)
(-4.44089e-16 -0.047739 0)
(0 -0.047739 -2.22045e-16)
(-4.44089e-16 -0.047739 0)
(-4.44089e-16 -0.047739 0)
(-4.44089e-16 -0.047739 0)
(-4.44089e-16 -0.047739 0)
(0 -0.047739 -2.22045e-16)
(-4.44089e-16 -0.047739 0)
(-8.88178e-16 -0.047739 0)
(-4.44089e-16 -0.047739 0)
(-8.88178e-16 -0.047739 2.22045e-16)
(-8.88178e-16 -0.047739 0)
(-1.33227e-15 -0.047739 -2.22045e-16)
(-4.44089e-16 -0.047739 0)
(0 -0.047739 0)
(-5.55112e-17 -0.047739 -6.66134e-16)
(-5.55112e-17 -0.047739 -2.22045e-16)
(-5.55112e-17 -0.047739 2.22045e-16)
(0 -0.047739 4.44089e-16)
(0 -0.047739 0)
(0 -0.047739 2.22045e-16)
(-2.22045e-16 -0.047739 -2.22045e-16)
(1.11022e-16 -0.047739 2.22045e-16)
(0 -0.047739 2.22045e-16)
(2.22045e-16 -0.047739 2.22045e-16)
(2.22045e-16 -0.047739 0)
(0 -0.047739 2.22045e-16)
(-2.22045e-16 -0.047739 -2.22045e-16)
(0 -0.047739 -4.44089e-16)
(-2.22045e-16 -0.047739 0)
(-4.44089e-16 -0.047739 -2.22045e-16)
(4.44089e-16 -0.047739 2.22045e-16)
(-4.44089e-16 -0.047739 -2.22045e-16)
(-6.66134e-16 -0.047739 -4.44089e-16)
(0 -0.047739 -4.44089e-16)
(0 -0.047739 -2.22045e-16)
(4.44089e-16 -0.047739 0)
(-4.44089e-16 -0.047739 -4.44089e-16)
(0 -0.047739 -2.22045e-16)
(-8.88178e-16 -0.047739 -4.44089e-16)
(-4.44089e-16 -0.047739 -4.44089e-16)
(4.44089e-16 -0.047739 0)
(0 -0.047739 -4.44089e-16)
(-4.44089e-16 -0.047739 -2.22045e-16)
(4.44089e-16 -0.047739 -4.44089e-16)
(-4.44089e-16 -0.047739 -2.22045e-16)
(0 -0.047739 -2.22045e-16)
(-4.44089e-16 -0.047739 -4.44089e-16)
(-4.44089e-16 -0.047739 -2.22045e-16)
(0 -0.047739 -2.22045e-16)
(0 -0.047739 -2.22045e-16)
(-1.33227e-15 -0.047739 -2.22045e-16)
(-4.44089e-16 -0.047739 -6.66134e-16)
(-4.44089e-16 -0.047739 -2.22045e-16)
(0 -0.047739 -2.22045e-16)
(0 -0.047739 0)
(-2.77556e-17 -0.047739 2.22045e-16)
(5.55112e-17 -0.047739 0)
(0 -0.047739 0)
(-1.11022e-16 -0.047739 0)
(0 -0.047739 0)
(1.11022e-16 -0.047739 2.22045e-16)
(0 -0.047739 2.22045e-16)
(-2.22045e-16 -0.047739 -2.22045e-16)
(-2.22045e-16 -0.047739 2.22045e-16)
(-2.22045e-16 -0.047739 -6.66134e-16)
(2.22045e-16 -0.047739 2.22045e-16)
(-6.66134e-16 -0.047739 -6.66134e-16)
(-2.22045e-16 -0.047739 2.22045e-16)
(-2.22045e-16 -0.047739 2.22045e-16)
(-6.66134e-16 -0.047739 -6.66134e-16)
(0 -0.047739 2.22045e-16)
(-4.44089e-16 -0.047739 -6.66134e-16)
(2.22045e-16 -0.047739 2.22045e-16)
(-8.88178e-16 -0.047739 -4.44089e-16)
(0 -0.047739 2.22045e-16)
(-4.44089e-16 -0.047739 -2.22045e-16)
(0 -0.047739 0)
(0 -0.047739 2.22045e-16)
(-8.88178e-16 -0.047739 -4.44089e-16)
(0 -0.047739 -4.44089e-16)
(0 -0.047739 -4.44089e-16)
(0 -0.047739 0)
(0 -0.047739 2.22045e-16)
(-4.44089e-16 -0.047739 -4.44089e-16)
(0 -0.047739 0)
(0 -0.047739 -4.44089e-16)
(-4.44089e-16 -0.047739 0)
(-4.44089e-16 -0.047739 2.22045e-16)
(4.44089e-16 -0.047739 0)
(-8.88178e-16 -0.047739 0)
(0 -0.047739 0)
(0 -0.047739 0)
(0 -0.047739 2.22045e-16)
(0 -0.047739 2.22045e-16)
(-5.55112e-17 -0.047739 -2.22045e-16)
(-5.55112e-17 -0.047739 0)
(-5.55112e-17 -0.047739 -2.22045e-16)
(0 -0.047739 2.22045e-16)
(0 -0.047739 4.44089e-16)
(0 -0.047739 -2.22045e-16)
(-2.22045e-16 -0.047739 -2.22045e-16)
(-1.11022e-16 -0.047739 2.22045e-16)
(0 -0.047739 -2.22045e-16)
(2.22045e-16 -0.047739 0)
(0 -0.047739 2.22045e-16)
(0 -0.047739 0)
(-2.22045e-16 -0.047739 -2.22045e-16)
(0 -0.047739 -2.22045e-16)
(-2.22045e-16 -0.047739 2.22045e-16)
(-4.44089e-16 -0.047739 0)
(6.66134e-16 -0.047739 2.22045e-16)
(-4.44089e-16 -0.047739 0)
(-8.88178e-16 -0.047739 -4.44089e-16)
(0 -0.047739 -2.22045e-16)
(0 -0.047739 -2.22045e-16)
(4.44089e-16 -0.047739 -2.22045e-16)
(-4.44089e-16 -0.047739 -2.22045e-16)
(0 -0.047739 -2.22045e-16)
(-1.33227e-15 -0.047739 -2.22045e-16)
(-4.44089e-16 -0.047739 -2.22045e-16)
(0 -0.047739 2.22045e-16)
(-4.44089e-16 -0.047739 -2.22045e-16)
(-4.44089e-16 -0.047739 0)
(-4.44089e-16 -0.047739 -2.22045e-16)
(-8.88178e-16 -0.047739 0)
(0 -0.047739 -2.22045e-16)
(-4.44089e-16 -0.047739 -2.22045e-16)
(-8.88178e-16 -0.047739 0)
(-4.44089e-16 -0.047739 0)
(-8.88178e-16 -0.047739 0)
(-8.88178e-16 -0.047739 -2.22045e-16)
(-1.33227e-15 -0.047739 -4.44089e-16)
(-4.44089e-16 -0.047739 -2.22045e-16)
(0 -0.047739 0)
(-2.77556e-17 -0.047739 -4.44089e-16)
(-2.77556e-17 -0.047739 0)
(-5.55112e-17 -0.047739 2.22045e-16)
(0 -0.047739 2.22045e-16)
(0 -0.047739 4.44089e-16)
(0 -0.047739 4.44089e-16)
(-3.33067e-16 -0.047739 -4.44089e-16)
(-1.11022e-16 -0.047739 8.88178e-16)
(0 -0.047739 4.44089e-16)
(2.22045e-16 -0.047739 2.22045e-16)
(0 -0.047739 2.22045e-16)
(2.22045e-16 -0.047739 2.22045e-16)
(-4.44089e-16 -0.047739 2.22045e-16)
(0 -0.047739 -2.22045e-16)
(-2.22045e-16 -0.047739 0)
(-4.44089e-16 -0.047739 2.22045e-16)
(2.22045e-16 -0.047739 0)
(-2.22045e-16 -0.047739 2.22045e-16)
(-8.88178e-16 -0.047739 -2.22045e-16)
(0 -0.047739 0)
(0 -0.047739 -4.44089e-16)
(4.44089e-16 -0.047739 0)
(-4.44089e-16 -0.047739 -4.44089e-16)
(0 -0.047739 0)
(-4.44089e-16 -0.047739 -4.44089e-16)
(-4.44089e-16 -0.047739 -4.44089e-16)
(-4.44089e-16 -0.047739 -2.22045e-16)
(-4.44089e-16 -0.047739 -2.22045e-16)
(0 -0.047739 -4.44089e-16)
(0 -0.047739 0)
(-8.88178e-16 -0.047739 -2.22045e-16)
(0 -0.047739 0)
(-4.44089e-16 -0.047739 -4.44089e-16)
(-8.88178e-16 -0.047739 -4.44089e-16)
(-4.44089e-16 -0.047739 -2.22045e-16)
(0 -0.047739 -2.22045e-16)
(-1.33227e-15 -0.047739 0)
(-4.44089e-16 -0.047739 -2.22045e-16)
(-4.44089e-16 -0.047739 -4.44089e-16)
(-6.93889e-18 -0.047739 -2.22045e-16)
(0 -0.047739 -2.22045e-16)
(0 -0.047739 -4.44089e-16)
(1.11022e-16 -0.047739 0)
(5.55112e-17 -0.047739 0)
(0 -0.047739 -2.22045e-16)
(1.11022e-16 -0.047739 -2.22045e-16)
(0 -0.047739 2.22045e-16)
(0 -0.047739 0)
(1.11022e-16 -0.047739 0)
(0 -0.047739 0)
(2.22045e-16 -0.047739 4.44089e-16)
(0 -0.047739 0)
(0 -0.047739 2.22045e-16)
(-2.22045e-16 -0.047739 -4.44089e-16)
(0 -0.047739 2.22045e-16)
(0 -0.047739 2.22045e-16)
(0 -0.047739 2.22045e-16)
(2.22045e-16 -0.047739 0)
(-8.88178e-16 -0.047739 -4.44089e-16)
(0 -0.047739 -4.44089e-16)
(-4.44089e-16 -0.047739 -4.44089e-16)
(0 -0.047739 0)
(-8.88178e-16 -0.047739 -4.44089e-16)
(-4.44089e-16 -0.047739 -4.44089e-16)
(-8.88178e-16 -0.047739 -4.44089e-16)
(-8.88178e-16 -0.047739 -4.44089e-16)
(4.44089e-16 -0.047739 0)
(-4.44089e-16 -0.047739 -2.22045e-16)
(-8.88178e-16 -0.047739 -4.44089e-16)
(0 -0.047739 -4.44089e-16)
(-4.44089e-16 -0.047739 -4.44089e-16)
(0 -0.047739 2.22045e-16)
(-8.88178e-16 -0.047739 -4.44089e-16)
(-1.33227e-15 -0.047739 -4.44089e-16)
(0 -0.047739 -4.44089e-16)
(-8.88178e-16 -0.047739 -2.22045e-16)
(-1.33227e-15 -0.047739 2.22045e-16)
(-4.44089e-16 -0.047739 -4.44089e-16)
(-8.88178e-16 -0.047739 -4.44089e-16)
(0 -0.047739 0)
(-2.77556e-17 -0.047739 -4.44089e-16)
(-5.55112e-17 -0.047739 -2.22045e-16)
(-5.55112e-17 -0.047739 2.22045e-16)
(0 -0.047739 0)
(0 -0.047739 0)
(0 -0.047739 2.22045e-16)
(-2.22045e-16 -0.047739 -2.22045e-16)
(0 -0.047739 0)
(1.11022e-16 -0.047739 0)
(2.22045e-16 -0.047739 2.22045e-16)
(0 -0.047739 2.22045e-16)
(0 -0.047739 2.22045e-16)
(0 -0.047739 0)
(0 -0.047739 0)
(-2.22045e-16 -0.047739 4.44089e-16)
(-2.22045e-16 -0.047739 2.22045e-16)
(6.66134e-16 -0.047739 4.44089e-16)
(-2.22045e-16 -0.047739 -2.22045e-16)
(-6.66134e-16 -0.047739 -2.22045e-16)
(0 -0.047739 -4.44089e-16)
(-4.44089e-16 -0.047739 0)
(4.44089e-16 -0.047739 -2.22045e-16)
(-4.44089e-16 -0.047739 0)
(4.44089e-16 -0.047739 -4.44089e-16)
(-8.88178e-16 -0.047739 0)
(-4.44089e-16 -0.047739 0)
(4.44089e-16 -0.047739 -2.22045e-16)
(0 -0.047739 0)
(0 -0.047739 0)
(4.44089e-16 -0.047739 -4.44089e-16)
(-4.44089e-16 -0.047739 0)
(0 -0.047739 -2.22045e-16)
(-4.44089e-16 -0.047739 0)
(0 -0.047739 0)
(0 -0.047739 0)
(0 -0.047739 0)
(-8.88178e-16 -0.047739 -2.22045e-16)
(-4.44089e-16 -0.047739 -6.66134e-16)
(-4.44089e-16 -0.047739 -4.44089e-16)
(0 -0.047739 0)
(0 -0.047739 -4.44089e-16)
(-5.55112e-17 -0.047739 -2.22045e-16)
(5.55112e-17 -0.047739 0)
(5.55112e-17 -0.047739 -2.22045e-16)
(-1.11022e-16 -0.047739 -2.22045e-16)
(0 -0.047739 -2.22045e-16)
(-1.11022e-16 -0.047739 -2.22045e-16)
(0 -0.047739 -2.22045e-16)
(0 -0.047739 -4.44089e-16)
(0 -0.047739 2.22045e-16)
(-2.22045e-16 -0.047739 -2.22045e-16)
(2.22045e-16 -0.047739 2.22045e-16)
(-6.66134e-16 -0.047739 -8.88178e-16)
(-2.22045e-16 -0.047739 0)
(0 -0.047739 4.44089e-16)
(-6.66134e-16 -0.047739 -4.44089e-16)
(0 -0.047739 2.22045e-16)
(-2.22045e-16 -0.047739 -8.88178e-16)
(2.22045e-16 -0.047739 2.22045e-16)
(-4.44089e-16 -0.047739 4.44089e-16)
(0 -0.047739 -2.22045e-16)
(-4.44089e-16 -0.047739 -2.22045e-16)
(0 -0.047739 2.22045e-16)
(0 -0.047739 -2.22045e-16)
(-8.88178e-16 -0.047739 0)
(0 -0.047739 2.22045e-16)
(-8.88178e-16 -0.047739 0)
(0 -0.047739 0)
(0 -0.047739 0)
(-4.44089e-16 -0.047739 4.44089e-16)
(0 -0.047739 2.22045e-16)
(0 -0.047739 -2.22045e-16)
(-4.44089e-16 -0.047739 0)
(-4.44089e-16 -0.047739 0)
(4.44089e-16 -0.047739 2.22045e-16)
(-4.44089e-16 -0.047739 2.22045e-16)
(-4.44089e-16 -0.047739 -2.22045e-16)
(0 -0.047739 2.22045e-16)
(0 -0.047739 2.22045e-16)
(-6.93889e-18 -0.047739 2.22045e-16)
(-2.77556e-17 -0.047739 -4.44089e-16)
(-5.55112e-17 -0.047739 0)
(1.11022e-16 -0.047739 2.22045e-16)
(-5.55112e-17 -0.047739 2.22045e-16)
(-1.11022e-16 -0.047739 2.22045e-16)
(0 -0.047739 4.44089e-16)
(-1.11022e-16 -0.047739 0)
(0 -0.047739 2.22045e-16)
(-1.11022e-16 -0.047739 4.44089e-16)
(2.22045e-16 -0.047739 0)
(-2.22045e-16 -0.047739 0)
(0 -0.047739 0)
(-4.44089e-16 -0.047739 -2.22045e-16)
(0 -0.047739 -6.66134e-16)
(0 -0.047739 0)
(-6.66134e-16 -0.047739 -2.22045e-16)
(4.44089e-16 -0.047739 -2.22045e-16)
(-4.44089e-16 -0.047739 -4.44089e-16)
(-8.88178e-16 -0.047739 -4.44089e-16)
(0 -0.047739 0)
(0 -0.047739 -6.66134e-16)
(4.44089e-16 -0.047739 4.44089e-16)
(-4.44089e-16 -0.047739 0)
(0 -0.047739 -8.88178e-16)
(-8.88178e-16 -0.047739 0)
(-4.44089e-16 -0.047739 0)
(4.44089e-16 -0.047739 2.22045e-16)
(0 -0.047739 0)
(-4.44089e-16 -0.047739 -8.88178e-16)
(0 -0.047739 0)
(-8.88178e-16 -0.047739 0)
(0 -0.047739 2.22045e-16)
(-4.44089e-16 -0.047739 0)
(-8.88178e-16 -0.047739 -8.88178e-16)
(-4.44089e-16 -0.047739 -2.22045e-16)
(-4.44089e-16 -0.047739 -2.22045e-16)
(-8.88178e-16 -0.047739 2.22045e-16)
(-8.88178e-16 -0.047739 -4.44089e-16)
(-4.44089e-16 -0.047739 -6.66134e-16)
(-1.38778e-17 -0.047739 0)
(-5.55112e-17 -0.047739 -6.66134e-16)
(-5.55112e-17 -0.047739 0)
(5.55112e-17 -0.047739 4.44089e-16)
(5.55112e-17 -0.047739 4.44089e-16)
(0 -0.047739 0)
(1.11022e-16 -0.047739 2.22045e-16)
(-1.11022e-16 -0.047739 2.22045e-16)
(-1.11022e-16 -0.047739 0)
(1.11022e-16 -0.047739 -2.22045e-16)
(2.22045e-16 -0.047739 0)
(0 -0.047739 0)
(0 -0.047739 0)
(-4.44089e-16 -0.047739 0)
(0 -0.047739 -2.22045e-16)
(-2.22045e-16 -0.047739 -2.22045e-16)
(-4.44089e-16 -0.047739 -2.22045e-16)
(2.22045e-16 -0.047739 2.22045e-16)
(-2.22045e-16 -0.047739 0)
(-8.88178e-16 -0.047739 -2.22045e-16)
(0 -0.047739 -2.22045e-16)
(0 -0.047739 2.22045e-16)
(4.44089e-16 -0.047739 4.44089e-16)
(-4.44089e-16 -0.047739 -2.22045e-16)
(0 -0.047739 0)
(-4.44089e-16 -0.047739 -2.22045e-16)
(-4.44089e-16 -0.047739 -2.22045e-16)
(4.44089e-16 -0.047739 0)
(-4.44089e-16 -0.047739 -2.22045e-16)
(0 -0.047739 2.22045e-16)
(0 -0.047739 -2.22045e-16)
(-8.88178e-16 -0.047739 0)
(0 -0.047739 2.22045e-16)
(-4.44089e-16 -0.047739 -2.22045e-16)
(-8.88178e-16 -0.047739 2.22045e-16)
(-4.44089e-16 -0.047739 -2.22045e-16)
(0 -0.047739 -2.22045e-16)
(-4.44089e-16 -0.047739 2.22045e-16)
(-4.44089e-16 -0.047739 -2.22045e-16)
(-4.44089e-16 -0.047739 2.22045e-16)
)
;
    }
}


// ************************************************************************* //
