/*--------------------------------*- C++ -*----------------------------------*\
  =========                 |
  \\      /  F ield         | OpenFOAM: The Open Source CFD Toolbox
   \\    /   O peration     | Website:  https://openfoam.org
    \\  /    A nd           | Version:  10
     \\/     M anipulation  |
\*---------------------------------------------------------------------------*/
FoamFile
{
    format      ascii;
    class       volVectorField;
    location    "18";
    object      UWrite;
}
// * * * * * * * * * * * * * * * * * * * * * * * * * * * * * * * * * * * * * //

dimensions      [0 1 -1 0 0 0 0];

internalField   uniform (0 0 0);

boundaryField
{
    bottomWall
    {
        type            calculated;
        value           nonuniform List<vector> 
800
(
(6.91906e-310 6.91906e-310 4.64372e-310)
(4.64372e-310 1.11022e-16 0.025)
(0 0 0.025)
(4.44089e-16 1.11022e-16 0.025)
(4.44089e-16 1.11022e-16 0.025)
(-4.44089e-16 -1.11022e-16 0.025)
(-4.44089e-16 -2.22045e-16 0.025)
(0 -2.22045e-16 0.025)
(-4.44089e-16 0 0.025)
(8.88178e-16 2.22045e-16 0.025)
(4.44089e-16 0 0.025)
(-4.44089e-16 -1.11022e-16 0.025)
(8.88178e-16 2.22045e-16 0.025)
(-4.44089e-16 0 0.025)
(1.33227e-15 2.22045e-16 0.025)
(1.77636e-15 1.11022e-16 0.025)
(0 -2.22045e-16 0.025)
(0 0 0.025)
(-4.44089e-16 1.11022e-16 0.025)
(-1.33227e-15 -1.11022e-16 0.025)
(4.44089e-16 0 0.025)
(8.88178e-16 1.11022e-16 0.025)
(-4.44089e-16 1.11022e-16 0.025)
(0 0 0.025)
(1.33227e-15 1.11022e-16 0.025)
(-4.44089e-16 5.55112e-17 0.025)
(4.44089e-16 0 0.025)
(-8.88178e-16 5.55112e-17 0.025)
(4.44089e-16 5.55112e-17 0.025)
(0 5.55112e-17 0.025)
(-1.77636e-15 -8.32667e-17 0.025)
(0 0 0.025)
(4.44089e-16 2.77556e-17 0.025)
(4.44089e-16 2.77556e-17 0.025)
(4.44089e-16 1.38778e-17 0.025)
(0 0 0.025)
(-4.44089e-16 0 0.025)
(0 0 0.025)
(-4.44089e-16 1.38778e-17 0.025)
(-8.88178e-16 0 0.025)
(4.44089e-16 6.93889e-18 0.025)
(0 1.38778e-17 0.025)
(0 0 0.025)
(-4.44089e-16 -3.46945e-18 0.025)
(-4.44089e-16 0 0.025)
(-4.44089e-16 -1.73472e-18 0.025)
(0 0 0.025)
(0 0 0.025)
(4.44089e-16 4.33681e-19 0.025)
(8.88178e-16 0 0.025)
(-8.88178e-16 0 0.025)
(0 4.33681e-19 0.025)
(4.44089e-16 0 0.025)
(4.44089e-16 0 0.025)
(4.44089e-16 0 0.025)
(-8.88178e-16 0 0.025)
(4.44089e-16 4.33681e-19 0.025)
(8.88178e-16 0 0.025)
(-4.44089e-16 4.33681e-19 0.025)
(4.44089e-16 0 0.025)
(0 0 0.025)
(0 0 0.025)
(4.44089e-16 0 0.025)
(4.44089e-16 4.33681e-19 0.025)
(0 4.33681e-19 0.025)
(-4.44089e-16 0 0.025)
(2.22045e-16 0 0.025)
(4.44089e-16 0 0.025)
(-2.22045e-16 8.67362e-19 0.025)
(0 -4.33681e-19 0.025)
(2.22045e-16 0 0.025)
(0 0 0.025)
(2.22045e-16 0 0.025)
(2.22045e-16 4.33681e-19 0.025)
(0 0 0.025)
(2.22045e-16 0 0.025)
(0 0 0.025)
(2.22045e-16 -4.33681e-19 0.025)
(2.22045e-16 8.67362e-19 0.025)
(1.11022e-16 0 0.025)
(0 -4.33681e-19 0.025)
(0 -4.33681e-19 0.025)
(-5.55112e-17 8.67362e-19 0.025)
(2.77556e-17 4.33681e-19 0.025)
(0 0 0.025)
(0 -4.33681e-19 0.025)
(-6.93889e-18 -1.73472e-18 0.025)
(-6.93889e-18 -3.46945e-18 0.025)
(0 0 0.025)
(0 -3.46945e-18 0.025)
(-1.38778e-17 6.93889e-18 0.025)
(0 0 0.025)
(-1.38778e-17 -1.38778e-17 0.025)
(6.93889e-18 -1.38778e-17 0.025)
(6.93889e-18 0 0.025)
(-6.93889e-18 -1.38778e-17 0.025)
(-6.93889e-18 -1.38778e-17 0.025)
(-1.38778e-17 1.38778e-17 0.025)
(0 0 0.025)
(-1.38778e-17 -8.32667e-17 0.025)
(0 -2.77556e-17 0.025)
(-1.38778e-17 0 0.025)
(-6.93889e-18 -2.77556e-17 0.025)
(0 2.77556e-17 0.025)
(6.93889e-18 -5.55112e-17 0.025)
(0 0 0.025)
(0 -5.55112e-17 0.025)
(-6.93889e-18 0 0.025)
(-1.38778e-17 -1.11022e-16 0.025)
(-6.93889e-18 -1.11022e-16 0.025)
(-6.93889e-18 -3.33067e-16 0.025)
(0 1.11022e-16 0.025)
(0 1.11022e-16 0.025)
(-6.93889e-18 1.11022e-16 0.025)
(0 1.11022e-16 0.025)
(-2.08167e-17 -3.33067e-16 0.025)
(-1.38778e-17 -2.22045e-16 0.025)
(-2.77556e-17 -3.33067e-16 0.025)
(0 1.11022e-16 0.025)
(-5.55112e-17 1.11022e-16 0.025)
(0 1.11022e-16 0.025)
(1.11022e-16 0 0.025)
(0 -1.11022e-16 0.025)
(-1.11022e-16 -1.11022e-16 0.025)
(0 -1.11022e-16 0.025)
(-1.11022e-16 -1.11022e-16 0.025)
(0 -1.11022e-16 0.025)
(2.22045e-16 1.11022e-16 0.025)
(2.22045e-16 1.11022e-16 0.025)
(2.22045e-16 1.11022e-16 0.025)
(-4.44089e-16 -1.11022e-16 0.025)
(0 -1.11022e-16 0.025)
(2.22045e-16 0 0.025)
(2.22045e-16 -1.11022e-16 0.025)
(0 1.11022e-16 0.025)
(0 -1.11022e-16 0.025)
(-4.44089e-16 -1.11022e-16 0.025)
(-4.44089e-16 0 0.025)
(8.88178e-16 0 0.025)
(-4.44089e-16 2.22045e-16 0.025)
(4.44089e-16 0 0.025)
(0 -1.11022e-16 0.025)
(4.44089e-16 2.22045e-16 0.025)
(-8.88178e-16 -1.11022e-16 0.025)
(0 1.11022e-16 0.025)
(-4.44089e-16 0 0.025)
(8.88178e-16 2.22045e-16 0.025)
(1.33227e-15 2.22045e-16 0.025)
(4.44089e-16 1.11022e-16 0.025)
(4.44089e-16 0 0.025)
(8.88178e-16 1.11022e-16 0.025)
(0 1.11022e-16 0.025)
(4.44089e-16 0 0.025)
(4.44089e-16 0 0.025)
(1.33227e-15 1.11022e-16 0.025)
(8.88178e-16 1.11022e-16 0.025)
(0 1.11022e-16 0.025)
(8.88178e-16 0 0.025)
(1.77636e-15 1.11022e-16 0.025)
(4.44089e-16 2.22045e-16 0.025)
(0 2.22045e-16 0.025)
(0 0 0.025)
(4.44089e-16 0 0.025)
(0 1.11022e-16 0.025)
(-8.88178e-16 5.55112e-17 0.025)
(8.88178e-16 1.11022e-16 0.025)
(4.44089e-16 5.55112e-17 0.025)
(0 0 0.025)
(8.88178e-16 5.55112e-17 0.025)
(0 0 0.025)
(0 5.55112e-17 0.025)
(0 -2.77556e-17 0.025)
(4.44089e-16 0 0.025)
(4.44089e-16 2.77556e-17 0.025)
(-8.88178e-16 0 0.025)
(4.44089e-16 1.38778e-17 0.025)
(-8.88178e-16 0 0.025)
(4.44089e-16 0 0.025)
(-8.88178e-16 0 0.025)
(8.88178e-16 2.08167e-17 0.025)
(4.44089e-16 0 0.025)
(-8.88178e-16 6.93889e-18 0.025)
(0 6.93889e-18 0.025)
(0 0 0.025)
(4.44089e-16 0 0.025)
(-8.88178e-16 0 0.025)
(-4.44089e-16 -1.73472e-18 0.025)
(-4.44089e-16 0 0.025)
(0 -8.67362e-19 0.025)
(-8.88178e-16 -8.67362e-19 0.025)
(0 8.67362e-19 0.025)
(4.44089e-16 8.67362e-19 0.025)
(0 -8.67362e-19 0.025)
(0 8.67362e-19 0.025)
(8.88178e-16 -8.67362e-19 0.025)
(0 -8.67362e-19 0.025)
(4.44089e-16 8.67362e-19 0.025)
(-4.44089e-16 0 0.025)
(-4.44089e-16 -8.67362e-19 0.025)
(-4.44089e-16 -8.67362e-19 0.025)
(0 8.67362e-19 0.025)
(0 -8.67362e-19 0.025)
(0 0 0.025)
(0 8.67362e-19 0.025)
(4.44089e-16 8.67362e-19 0.025)
(-2.22045e-16 -8.67362e-19 0.025)
(-2.22045e-16 0 0.025)
(0 -8.67362e-19 0.025)
(-4.44089e-16 0 0.025)
(0 8.67362e-19 0.025)
(0 -8.67362e-19 0.025)
(2.22045e-16 8.67362e-19 0.025)
(2.22045e-16 8.67362e-19 0.025)
(2.22045e-16 8.67362e-19 0.025)
(2.22045e-16 -8.67362e-19 0.025)
(0 -1.73472e-18 0.025)
(-1.11022e-16 -1.73472e-18 0.025)
(-1.11022e-16 -8.67362e-19 0.025)
(0 -8.67362e-19 0.025)
(1.11022e-16 0 0.025)
(0 0 0.025)
(5.55112e-17 -8.67362e-19 0.025)
(0 0 0.025)
(0 -8.67362e-19 0.025)
(-2.77556e-17 -3.46945e-18 0.025)
(-2.77556e-17 3.46945e-18 0.025)
(0 -3.46945e-18 0.025)
(0 0 0.025)
(-2.77556e-17 6.93889e-18 0.025)
(-2.77556e-17 0 0.025)
(0 0 0.025)
(0 0 0.025)
(0 -1.38778e-17 0.025)
(-2.77556e-17 0 0.025)
(2.77556e-17 1.38778e-17 0.025)
(2.77556e-17 0 0.025)
(0 -5.55112e-17 0.025)
(-2.77556e-17 0 0.025)
(0 -5.55112e-17 0.025)
(0 0 0.025)
(-2.77556e-17 -2.77556e-17 0.025)
(0 -5.55112e-17 0.025)
(2.77556e-17 5.55112e-17 0.025)
(2.77556e-17 0 0.025)
(0 -5.55112e-17 0.025)
(-2.77556e-17 1.11022e-16 0.025)
(0 -1.11022e-16 0.025)
(2.77556e-17 1.11022e-16 0.025)
(-2.77556e-17 -1.11022e-16 0.025)
(-2.77556e-17 0 0.025)
(0 -1.11022e-16 0.025)
(0 -1.11022e-16 0.025)
(-2.77556e-17 0 0.025)
(0 1.11022e-16 0.025)
(0 -1.11022e-16 0.025)
(0 1.11022e-16 0.025)
(0 -1.11022e-16 0.025)
(0 -1.11022e-16 0.025)
(1.11022e-16 0 0.025)
(-1.11022e-16 -1.11022e-16 0.025)
(2.22045e-16 -1.11022e-16 0.025)
(2.22045e-16 -2.22045e-16 0.025)
(2.22045e-16 0 0.025)
(-2.22045e-16 0 0.025)
(2.22045e-16 1.11022e-16 0.025)
(0 -1.11022e-16 0.025)
(0 0 0.025)
(4.44089e-16 1.11022e-16 0.025)
(2.22045e-16 -1.11022e-16 0.025)
(4.44089e-16 -1.11022e-16 0.025)
(0 -1.11022e-16 0.025)
(4.44089e-16 1.11022e-16 0.025)
(4.44089e-16 0 0.025)
(8.88178e-16 1.11022e-16 0.025)
(8.88178e-16 2.22045e-16 0.025)
(8.88178e-16 0 0.025)
(4.44089e-16 1.11022e-16 0.025)
(8.88178e-16 1.11022e-16 0.025)
(-4.44089e-16 0 0.025)
(0 1.11022e-16 0.025)
(4.44089e-16 0 0.025)
(8.88178e-16 1.11022e-16 0.025)
(4.44089e-16 1.11022e-16 0.025)
(-4.44089e-16 0 0.025)
(8.88178e-16 2.22045e-16 0.025)
(4.44089e-16 1.11022e-16 0.025)
(0 1.11022e-16 0.025)
(4.44089e-16 2.22045e-16 0.025)
(8.88178e-16 2.22045e-16 0.025)
(1.33227e-15 2.22045e-16 0.025)
(8.88178e-16 1.11022e-16 0.025)
(-4.44089e-16 0 0.025)
(0 -1.11022e-16 0.025)
(0 -1.11022e-16 0.025)
(8.88178e-16 0 0.025)
(-4.44089e-16 0 0.025)
(-8.88178e-16 0 0.025)
(0 5.55112e-17 0.025)
(-4.44089e-16 -5.55112e-17 0.025)
(4.44089e-16 0 0.025)
(8.88178e-16 0 0.025)
(-4.44089e-16 -5.55112e-17 0.025)
(0 0 0.025)
(-8.88178e-16 0 0.025)
(8.88178e-16 5.55112e-17 0.025)
(-8.88178e-16 0 0.025)
(-4.44089e-16 0 0.025)
(0 0 0.025)
(0 1.38778e-17 0.025)
(-8.88178e-16 0 0.025)
(-4.44089e-16 2.77556e-17 0.025)
(0 -2.77556e-17 0.025)
(-1.33227e-15 -6.93889e-18 0.025)
(-4.44089e-16 6.93889e-18 0.025)
(8.88178e-16 6.93889e-18 0.025)
(-4.44089e-16 6.93889e-18 0.025)
(0 -3.46945e-18 0.025)
(0 -3.46945e-18 0.025)
(-4.44089e-16 -3.46945e-18 0.025)
(0 0 0.025)
(4.44089e-16 0 0.025)
(8.88178e-16 0 0.025)
(0 0 0.025)
(-4.44089e-16 0 0.025)
(0 1.73472e-18 0.025)
(0 0 0.025)
(-4.44089e-16 1.73472e-18 0.025)
(-4.44089e-16 1.73472e-18 0.025)
(0 -1.73472e-18 0.025)
(0 -1.73472e-18 0.025)
(0 -1.73472e-18 0.025)
(4.44089e-16 0 0.025)
(0 0 0.025)
(0 -3.46945e-18 0.025)
(0 0 0.025)
(-4.44089e-16 0 0.025)
(0 -5.20417e-18 0.025)
(-2.22045e-16 -1.73472e-18 0.025)
(2.22045e-16 -3.46945e-18 0.025)
(0 1.73472e-18 0.025)
(-6.66134e-16 -3.46945e-18 0.025)
(2.22045e-16 0 0.025)
(0 -1.73472e-18 0.025)
(-2.22045e-16 -1.73472e-18 0.025)
(2.22045e-16 1.73472e-18 0.025)
(0 -3.46945e-18 0.025)
(1.11022e-16 -1.73472e-18 0.025)
(0 -1.73472e-18 0.025)
(0 -1.73472e-18 0.025)
(1.11022e-16 -3.46945e-18 0.025)
(0 -1.73472e-18 0.025)
(5.55112e-17 -3.46945e-18 0.025)
(0 0 0.025)
(-2.77556e-17 -5.20417e-18 0.025)
(5.55112e-17 -6.93889e-18 0.025)
(0 6.93889e-18 0.025)
(0 6.93889e-18 0.025)
(0 -6.93889e-18 0.025)
(-5.55112e-17 -1.38778e-17 0.025)
(-5.55112e-17 -1.38778e-17 0.025)
(2.77556e-17 1.38778e-17 0.025)
(-5.55112e-17 -1.38778e-17 0.025)
(-2.77556e-17 1.38778e-17 0.025)
(0 2.77556e-17 0.025)
(0 -2.77556e-17 0.025)
(2.77556e-17 0 0.025)
(0 -2.77556e-17 0.025)
(-5.55112e-17 -2.77556e-17 0.025)
(-5.55112e-17 0 0.025)
(0 -5.55112e-17 0.025)
(0 -5.55112e-17 0.025)
(0 0 0.025)
(0 0 0.025)
(5.55112e-17 1.11022e-16 0.025)
(0 0 0.025)
(-5.55112e-17 -5.55112e-17 0.025)
(2.77556e-17 1.11022e-16 0.025)
(0 0 0.025)
(0 0 0.025)
(-2.77556e-17 -1.11022e-16 0.025)
(-5.55112e-17 -2.22045e-16 0.025)
(0 1.11022e-16 0.025)
(5.55112e-17 -1.11022e-16 0.025)
(1.11022e-16 -1.11022e-16 0.025)
(0 0 0.025)
(-1.11022e-16 -2.22045e-16 0.025)
(-1.11022e-16 -1.11022e-16 0.025)
(3.33067e-16 0 0.025)
(-2.22045e-16 0 0.025)
(2.22045e-16 -1.11022e-16 0.025)
(-2.22045e-16 -1.11022e-16 0.025)
(0 -1.11022e-16 0.025)
(2.22045e-16 -1.11022e-16 0.025)
(4.44089e-16 1.11022e-16 0.025)
(2.22045e-16 -1.11022e-16 0.025)
(0 0 0.025)
(0 -1.11022e-16 0.025)
(2.22045e-16 -2.22045e-16 0.025)
(0 1.11022e-16 0.025)
(4.44089e-16 1.11022e-16 0.025)
(4.44089e-16 2.22045e-16 0.025)
(4.44089e-16 2.22045e-16 0.025)
(8.88178e-16 1.11022e-16 0.025)
(4.44089e-16 2.22045e-16 0.025)
(-4.44089e-16 0 0.025)
(-4.44089e-16 2.22045e-16 0.025)
(4.44089e-16 2.22045e-16 0.025)
(0 -1.11022e-16 0.025)
(-4.44089e-16 0 0.025)
(-4.44089e-16 1.11022e-16 0.025)
(-8.88178e-16 0 0.025)
(-8.88178e-16 -1.11022e-16 0.025)
(0 -1.11022e-16 0.025)
(0 -1.11022e-16 0.025)
(4.44089e-16 2.22045e-16 0.025)
(4.44089e-16 1.11022e-16 0.025)
(8.88178e-16 0 0.025)
(-8.88178e-16 2.22045e-16 0.025)
(4.44089e-16 0 0.025)
(4.44089e-16 0 0.025)
(-4.44089e-16 0 0.025)
(0 1.11022e-16 0.025)
(4.44089e-16 5.55112e-17 0.025)
(4.44089e-16 1.11022e-16 0.025)
(0 1.11022e-16 0.025)
(0 0 0.025)
(0 5.55112e-17 0.025)
(-4.44089e-16 2.77556e-17 0.025)
(0 5.55112e-17 0.025)
(-1.33227e-15 -2.77556e-17 0.025)
(4.44089e-16 2.77556e-17 0.025)
(0 0 0.025)
(-4.44089e-16 -2.77556e-17 0.025)
(-4.44089e-16 -1.38778e-17 0.025)
(-4.44089e-16 1.38778e-17 0.025)
(-4.44089e-16 0 0.025)
(4.44089e-16 0 0.025)
(4.44089e-16 1.38778e-17 0.025)
(-4.44089e-16 -6.93889e-18 0.025)
(0 6.93889e-18 0.025)
(-4.44089e-16 6.93889e-18 0.025)
(-1.33227e-15 -3.46945e-18 0.025)
(4.44089e-16 3.46945e-18 0.025)
(0 -3.46945e-18 0.025)
(8.88178e-16 -3.46945e-18 0.025)
(0 3.46945e-18 0.025)
(-4.44089e-16 -6.93889e-18 0.025)
(4.44089e-16 0 0.025)
(0 3.46945e-18 0.025)
(8.88178e-16 0 0.025)
(0 0 0.025)
(-4.44089e-16 -3.46945e-18 0.025)
(0 3.46945e-18 0.025)
(0 0 0.025)
(8.88178e-16 0 0.025)
(4.44089e-16 0 0.025)
(0 -3.46945e-18 0.025)
(4.44089e-16 0 0.025)
(0 -3.46945e-18 0.025)
(2.22045e-16 -3.46945e-18 0.025)
(0 -3.46945e-18 0.025)
(4.44089e-16 0 0.025)
(-2.22045e-16 -3.46945e-18 0.025)
(0 0 0.025)
(-2.22045e-16 -3.46945e-18 0.025)
(-2.22045e-16 -3.46945e-18 0.025)
(-2.22045e-16 0 0.025)
(-2.22045e-16 -6.93889e-18 0.025)
(0 -3.46945e-18 0.025)
(-2.22045e-16 -3.46945e-18 0.025)
(-1.11022e-16 -3.46945e-18 0.025)
(0 -3.46945e-18 0.025)
(1.11022e-16 0 0.025)
(-1.11022e-16 0 0.025)
(-5.55112e-17 -6.93889e-18 0.025)
(-5.55112e-17 0 0.025)
(-5.55112e-17 0 0.025)
(0 0 0.025)
(0 0 0.025)
(-5.55112e-17 0 0.025)
(5.55112e-17 -1.38778e-17 0.025)
(0 0 0.025)
(5.55112e-17 1.38778e-17 0.025)
(1.11022e-16 4.16334e-17 0.025)
(5.55112e-17 1.38778e-17 0.025)
(0 -2.77556e-17 0.025)
(-5.55112e-17 -2.77556e-17 0.025)
(0 -2.77556e-17 0.025)
(0 0 0.025)
(0 0 0.025)
(0 2.77556e-17 0.025)
(-5.55112e-17 -5.55112e-17 0.025)
(5.55112e-17 -5.55112e-17 0.025)
(5.55112e-17 -5.55112e-17 0.025)
(5.55112e-17 5.55112e-17 0.025)
(1.11022e-16 0 0.025)
(5.55112e-17 0 0.025)
(0 0 0.025)
(-5.55112e-17 0 0.025)
(5.55112e-17 0 0.025)
(-5.55112e-17 1.11022e-16 0.025)
(5.55112e-17 0 0.025)
(0 -1.11022e-16 0.025)
(0 -2.22045e-16 0.025)
(1.11022e-16 1.11022e-16 0.025)
(-2.22045e-16 -1.11022e-16 0.025)
(2.22045e-16 -1.11022e-16 0.025)
(-2.22045e-16 1.11022e-16 0.025)
(-2.22045e-16 1.11022e-16 0.025)
(0 1.11022e-16 0.025)
(0 0 0.025)
(2.22045e-16 2.22045e-16 0.025)
(2.22045e-16 -1.11022e-16 0.025)
(-2.22045e-16 1.11022e-16 0.025)
(0 1.11022e-16 0.025)
(-2.22045e-16 1.11022e-16 0.025)
(0 3.33067e-16 0.025)
(-4.44089e-16 0 0.025)
(0 1.11022e-16 0.025)
(-4.44089e-16 -2.22045e-16 0.025)
(-4.44089e-16 1.11022e-16 0.025)
(8.88178e-16 1.11022e-16 0.025)
(4.44089e-16 0 0.025)
(0 0 0.025)
(4.44089e-16 0 0.025)
(4.44089e-16 0 0.025)
(0 0 0.025)
(4.44089e-16 0 0.025)
(4.44089e-16 0 0.025)
(4.44089e-16 0 0.025)
(-4.44089e-16 0 0.025)
(-4.44089e-16 0 0.025)
(4.44089e-16 0 0.025)
(0 0 0.025)
(4.44089e-16 1.11022e-16 0.025)
(0 -1.11022e-16 0.025)
(0 0 0.025)
(0 1.11022e-16 0.025)
(0 0 0.025)
(0 1.11022e-16 0.025)
(4.44089e-16 5.55112e-17 0.025)
(0 0 0.025)
(4.44089e-16 0 0.025)
(-4.44089e-16 0 0.025)
(4.44089e-16 -2.77556e-17 0.025)
(-4.44089e-16 1.11022e-16 0.025)
(4.44089e-16 2.77556e-17 0.025)
(-4.44089e-16 0 0.025)
(4.44089e-16 0 0.025)
(8.88178e-16 2.77556e-17 0.025)
(8.88178e-16 1.38778e-17 0.025)
(0 4.16334e-17 0.025)
(0 -2.77556e-17 0.025)
(4.44089e-16 -1.38778e-17 0.025)
(0 0 0.025)
(0 0 0.025)
(-4.44089e-16 6.93889e-18 0.025)
(-4.44089e-16 -6.93889e-18 0.025)
(0 -3.46945e-18 0.025)
(4.44089e-16 -3.46945e-18 0.025)
(4.44089e-16 -3.46945e-18 0.025)
(0 0 0.025)
(4.44089e-16 -3.46945e-18 0.025)
(-4.44089e-16 0 0.025)
(-4.44089e-16 -3.46945e-18 0.025)
(4.44089e-16 -3.46945e-18 0.025)
(0 0 0.025)
(0 -3.46945e-18 0.025)
(0 -3.46945e-18 0.025)
(0 -3.46945e-18 0.025)
(-4.44089e-16 -3.46945e-18 0.025)
(4.44089e-16 0 0.025)
(-8.88178e-16 -3.46945e-18 0.025)
(0 0 0.025)
(-2.22045e-16 -6.93889e-18 0.025)
(-2.22045e-16 -3.46945e-18 0.025)
(-2.22045e-16 -6.93889e-18 0.025)
(0 -3.46945e-18 0.025)
(0 -3.46945e-18 0.025)
(-6.66134e-16 -6.93889e-18 0.025)
(0 0 0.025)
(-2.22045e-16 -6.93889e-18 0.025)
(-2.22045e-16 -3.46945e-18 0.025)
(-2.22045e-16 -6.93889e-18 0.025)
(0 3.46945e-18 0.025)
(0 -3.46945e-18 0.025)
(-1.11022e-16 -6.93889e-18 0.025)
(-1.11022e-16 -3.46945e-18 0.025)
(-1.11022e-16 3.46945e-18 0.025)
(2.22045e-16 3.46945e-18 0.025)
(0 0 0.025)
(1.11022e-16 -6.93889e-18 0.025)
(-5.55112e-17 -1.38778e-17 0.025)
(0 6.93889e-18 0.025)
(1.11022e-16 0 0.025)
(0 1.38778e-17 0.025)
(0 1.38778e-17 0.025)
(0 0 0.025)
(5.55112e-17 -2.77556e-17 0.025)
(0 -2.77556e-17 0.025)
(-5.55112e-17 -5.55112e-17 0.025)
(-5.55112e-17 -2.77556e-17 0.025)
(-5.55112e-17 -5.55112e-17 0.025)
(1.11022e-16 2.77556e-17 0.025)
(-5.55112e-17 0 0.025)
(-5.55112e-17 0 0.025)
(5.55112e-17 5.55112e-17 0.025)
(1.11022e-16 5.55112e-17 0.025)
(0 5.55112e-17 0.025)
(5.55112e-17 -1.11022e-16 0.025)
(-5.55112e-17 -1.11022e-16 0.025)
(1.11022e-16 -1.11022e-16 0.025)
(-5.55112e-17 -1.11022e-16 0.025)
(-1.11022e-16 -1.11022e-16 0.025)
(0 0 0.025)
(-1.11022e-16 0 0.025)
(0 0 0.025)
(1.11022e-16 0 0.025)
(-2.22045e-16 -1.11022e-16 0.025)
(0 0 0.025)
(4.44089e-16 0 0.025)
(2.22045e-16 1.11022e-16 0.025)
(0 0 0.025)
(2.22045e-16 1.11022e-16 0.025)
(0 1.11022e-16 0.025)
(-2.22045e-16 0 0.025)
(2.22045e-16 1.11022e-16 0.025)
(-2.22045e-16 -1.11022e-16 0.025)
(-8.88178e-16 -1.11022e-16 0.025)
(-4.44089e-16 0 0.025)
(4.44089e-16 -2.22045e-16 0.025)
(4.44089e-16 1.11022e-16 0.025)
(0 1.11022e-16 0.025)
(0 1.11022e-16 0.025)
(0 1.11022e-16 0.025)
(4.44089e-16 0 0.025)
(0 1.11022e-16 0.025)
(0 1.11022e-16 0.025)
(0 1.11022e-16 0.025)
(-4.44089e-16 1.11022e-16 0.025)
(-4.44089e-16 1.11022e-16 0.025)
(-4.44089e-16 1.11022e-16 0.025)
(0 0 0.025)
(4.44089e-16 1.11022e-16 0.025)
(0 1.11022e-16 0.025)
(0 0 0.025)
(4.44089e-16 1.11022e-16 0.025)
(4.44089e-16 5.55112e-17 0.025)
(8.88178e-16 1.11022e-16 0.025)
(-4.44089e-16 5.55112e-17 0.025)
(-4.44089e-16 5.55112e-17 0.025)
(0 5.55112e-17 0.025)
(4.44089e-16 0 0.025)
(4.44089e-16 5.55112e-17 0.025)
(-4.44089e-16 -5.55112e-17 0.025)
(4.44089e-16 0 0.025)
(4.44089e-16 2.77556e-17 0.025)
(-4.44089e-16 0 0.025)
(4.44089e-16 1.38778e-17 0.025)
(0 -1.38778e-17 0.025)
(-4.44089e-16 0 0.025)
(-4.44089e-16 0 0.025)
(4.44089e-16 1.38778e-17 0.025)
(4.44089e-16 1.38778e-17 0.025)
(4.44089e-16 6.93889e-18 0.025)
(0 6.93889e-18 0.025)
(0 6.93889e-18 0.025)
(-1.33227e-15 6.93889e-18 0.025)
(0 6.93889e-18 0.025)
(0 0 0.025)
(-4.44089e-16 0 0.025)
(0 0 0.025)
(0 0 0.025)
(0 6.93889e-18 0.025)
(4.44089e-16 6.93889e-18 0.025)
(0 0 0.025)
(4.44089e-16 6.93889e-18 0.025)
(-8.88178e-16 0 0.025)
(4.44089e-16 0 0.025)
(4.44089e-16 6.93889e-18 0.025)
(0 0 0.025)
(-2.22045e-16 -6.93889e-18 0.025)
(-2.22045e-16 6.93889e-18 0.025)
(-2.22045e-16 -6.93889e-18 0.025)
(0 0 0.025)
(-2.22045e-16 0 0.025)
(-4.44089e-16 -6.93889e-18 0.025)
(2.22045e-16 0 0.025)
(-2.22045e-16 0 0.025)
(0 0 0.025)
(0 -6.93889e-18 0.025)
(-2.22045e-16 0 0.025)
(0 0 0.025)
(0 0 0.025)
(0 0 0.025)
(1.11022e-16 -6.93889e-18 0.025)
(1.11022e-16 -1.38778e-17 0.025)
(-1.11022e-16 0 0.025)
(-1.11022e-16 -1.38778e-17 0.025)
(-1.11022e-16 -1.38778e-17 0.025)
(0 -1.38778e-17 0.025)
(0 -2.77556e-17 0.025)
(-1.11022e-16 0 0.025)
(0 0 0.025)
(0 0 0.025)
(0 -2.77556e-17 0.025)
(0 -5.55112e-17 0.025)
(1.11022e-16 0 0.025)
(1.11022e-16 0 0.025)
(1.11022e-16 5.55112e-17 0.025)
(0 0 0.025)
(1.11022e-16 5.55112e-17 0.025)
(0 -1.11022e-16 0.025)
(0 -5.55112e-17 0.025)
(-1.11022e-16 0 0.025)
(1.11022e-16 0 0.025)
(2.22045e-16 0 0.025)
(1.11022e-16 1.11022e-16 0.025)
(0 0 0.025)
(0 -1.11022e-16 0.025)
(0 0 0.025)
(2.22045e-16 0 0.025)
(2.22045e-16 0 0.025)
(-2.22045e-16 0 0.025)
(0 0 0.025)
(4.44089e-16 0 0.025)
(0 0 0.025)
(2.22045e-16 0 0.025)
(0 0 0.025)
(2.22045e-16 0 0.025)
(4.44089e-16 0 0.025)
(0 0 0.025)
(4.44089e-16 0 0.025)
(4.44089e-16 1.11022e-16 0.025)
(-8.88178e-16 -1.66533e-16 0.025)
(-4.44089e-16 0 0.025)
(-4.44089e-16 0 0.025)
(0 0 0.025)
(0 -5.55112e-17 0.025)
(0 5.55112e-17 0.025)
(-8.88178e-16 0 0.025)
(0 -5.55112e-17 0.025)
(4.44089e-16 -5.55112e-17 0.025)
(-8.88178e-16 -5.55112e-17 0.025)
(-1.33227e-15 -1.66533e-16 0.025)
(-4.44089e-16 -5.55112e-17 0.025)
(0 1.11022e-16 0.025)
(8.88178e-16 1.11022e-16 0.025)
(4.44089e-16 1.11022e-16 0.025)
(0 5.55112e-17 0.025)
(8.88178e-16 1.11022e-16 0.025)
(0 2.77556e-17 0.025)
(4.44089e-16 0 0.025)
(-4.44089e-16 -2.77556e-17 0.025)
(4.44089e-16 2.77556e-17 0.025)
(0 0 0.025)
(-8.88178e-16 -2.77556e-17 0.025)
(-4.44089e-16 0 0.025)
(-4.44089e-16 -1.38778e-17 0.025)
(0 0 0.025)
(4.44089e-16 0 0.025)
(4.44089e-16 2.08167e-17 0.025)
(0 0 0.025)
(-4.44089e-16 0 0.025)
(0 6.93889e-18 0.025)
(4.44089e-16 6.93889e-18 0.025)
(-4.44089e-16 6.93889e-18 0.025)
(4.44089e-16 6.93889e-18 0.025)
(0 6.93889e-18 0.025)
(4.44089e-16 6.93889e-18 0.025)
(0 0 0.025)
(-4.44089e-16 0 0.025)
(8.88178e-16 6.93889e-18 0.025)
(-4.44089e-16 0 0.025)
(4.44089e-16 6.93889e-18 0.025)
(4.44089e-16 6.93889e-18 0.025)
(8.88178e-16 6.93889e-18 0.025)
(0 -6.93889e-18 0.025)
(0 0 0.025)
(-4.44089e-16 -6.93889e-18 0.025)
(-2.22045e-16 0 0.025)
(2.22045e-16 1.38778e-17 0.025)
(0 0 0.025)
(-2.22045e-16 -6.93889e-18 0.025)
(-2.22045e-16 0 0.025)
(-2.22045e-16 -6.93889e-18 0.025)
(-2.22045e-16 -6.93889e-18 0.025)
(0 -1.38778e-17 0.025)
(2.22045e-16 0 0.025)
(0 0 0.025)
(-1.11022e-16 -1.38778e-17 0.025)
(-1.11022e-16 -6.93889e-18 0.025)
(-1.11022e-16 -1.38778e-17 0.025)
(0 0 0.025)
(1.11022e-16 0 0.025)
(0 0 0.025)
(0 -1.38778e-17 0.025)
(1.11022e-16 0 0.025)
(0 -5.55112e-17 0.025)
(-1.11022e-16 0 0.025)
)
;
    }
    topWall
    {
        type            calculated;
        value           nonuniform List<vector> 0();
    }
    sides1_half0
    {
        type            cyclic;
    }
    sides1_half1
    {
        type            cyclic;
    }
    sides2_half0
    {
        type            cyclic;
    }
    sides2_half1
    {
        type            cyclic;
    }
    inout1_half0
    {
        type            cyclic;
    }
    inout1_half1
    {
        type            cyclic;
    }
    inout2_half0
    {
        type            cyclic;
    }
    inout2_half1
    {
        type            cyclic;
    }
    procBoundary0to1
    {
        type            processor;
        value           uniform (0 0 0);
    }
    procBoundary0to2
    {
        type            processor;
        value           uniform (0 0 0);
    }
    procBoundary0to2throughsides1_half0
    {
        type            processorCyclic;
        value           uniform (0 0 0);
    }
}


// ************************************************************************* //
