/*--------------------------------*- C++ -*----------------------------------*\
  =========                 |
  \\      /  F ield         | OpenFOAM: The Open Source CFD Toolbox
   \\    /   O peration     | Website:  https://openfoam.org
    \\  /    A nd           | Version:  10
     \\/     M anipulation  |
\*---------------------------------------------------------------------------*/
FoamFile
{
    format      ascii;
    class       volVectorField;
    location    "7.5";
    object      UWrite;
}
// * * * * * * * * * * * * * * * * * * * * * * * * * * * * * * * * * * * * * //

dimensions      [0 1 -1 0 0 0 0];

internalField   uniform (0 0 0);

boundaryField
{
    bottomWall
    {
        type            calculated;
        value           nonuniform List<vector> 0();
    }
    topWall
    {
        type            calculated;
        value           nonuniform List<vector> 
800
(
(6.90624e-310 6.90624e-310 4.67205e-310)
(4.67205e-310 0.001 0)
(0 0 0.001)
(0.001 0 0)
(0 0.001 0)
(0 0 0.001)
(0.001 0 0)
(0 0.001 0)
(0 0 0.001)
(0.001 0 0)
(0 0.001 0)
(0 0 0.001)
(0.001 0 0)
(0 0.001 0)
(0 0 0.001)
(0.001 0 0)
(0 0.001 0)
(0 0 0.001)
(0.001 0 0)
(0 0.001 0)
(0 0 0.001)
(0.001 0 0)
(0 0.001 0)
(0 0 0.001)
(0.001 0 0)
(0 0.001 0)
(0 0 0.001)
(0.001 0 0)
(0 0.001 0)
(0 0 0.001)
(0.001 0 0)
(0 0.001 0)
(0 0 0.001)
(0.001 0 0)
(0 0.001 0)
(0 0 0.001)
(0.001 0 0)
(0 0.001 0)
(0 0 0.001)
(0.001 0 0)
(0 0.001 0)
(0 0 0.001)
(0.001 0 0)
(0 0.001 0)
(0 0 0.001)
(0.001 0 0)
(0 0.001 0)
(0 0 0.001)
(0.001 0 0)
(0 0.001 0)
(0 0 0.001)
(0.001 0 0)
(0 0.001 0)
(0 0 0.001)
(0.001 0 0)
(0 0.001 0)
(0 0 0.001)
(0.001 0 0)
(0 0.001 0)
(0 0 0.001)
(0.001 0 0)
(0 0.001 0)
(0 0 0.001)
(0.001 0 0)
(0 0.001 0)
(0 0 0.001)
(0.001 0 0)
(0 0.001 0)
(0 0 0.001)
(0.001 0 0)
(0 0.001 0)
(0 0 0.001)
(0.001 0 0)
(0 0.001 0)
(0 0 0.001)
(0.001 0 0)
(0 0.001 0)
(0 0 0.001)
(0.001 0 0)
(0 0.001 0)
(0 0 0.001)
(0.001 0 0)
(0 0.001 0)
(0 0 0.001)
(0.001 0 0)
(0 0.001 0)
(0 0 0.001)
(0.001 0 0)
(0 0.001 0)
(0 0 0.001)
(0.001 0 0)
(0 0.001 0)
(0 0 0.001)
(0.001 0 0)
(0 0.001 0)
(0 0 0.001)
(0.001 0 0)
(0 0.001 0)
(0 0 0.001)
(0.001 0 0)
(0 0.001 0)
(0 0 0.001)
(0.001 0 0)
(0 0.001 0)
(0 0 0.001)
(0.001 0 0)
(0 0.001 0)
(0 0 0.001)
(0.001 0 0)
(0 0.001 0)
(0 0 0.001)
(0.001 0 0)
(0 0.001 0)
(0 0 0.001)
(0.001 0 0)
(0 0.001 0)
(0 0 0.001)
(0.001 0 0)
(0 0.001 0)
(0 0 0.001)
(0.001 0 0)
(0 0.001 0)
(0 0 0.001)
(0.001 0 0)
(0 0.001 0)
(0 0 0.001)
(0.001 0 0)
(0 0.001 0)
(0 0 0.001)
(0.001 0 0)
(0 0.001 0)
(0 0 0.001)
(0.001 0 0)
(0 0.001 0)
(0 0 0.001)
(0.001 0 0)
(0 0.001 0)
(0 0 0.001)
(0.001 0 0)
(0 0.001 0)
(0 0 0.001)
(0.001 0 0)
(0 0.001 0)
(0 0 0.001)
(0.001 0 0)
(0 0.001 0)
(0 0 0.001)
(0.001 0 0)
(0 0.001 0)
(0 0 0.001)
(0.001 0 0)
(0 0.001 0)
(0 0 0.001)
(0.001 0 0)
(0 0.001 0)
(0 0 0.001)
(0.001 0 0)
(0 0.001 0)
(0 0 0.001)
(0.001 0 0)
(0 0.001 0)
(0 0 0.001)
(0.001 0 0)
(0 0.001 0)
(0 0 0.001)
(0.001 0 0)
(0 0.001 0)
(0 0 0.001)
(0.001 0 0)
(0 0.001 0)
(0 0 0.001)
(0.001 0 0)
(0 0.001 0)
(0 0 0.001)
(0.001 0 0)
(0 0.001 0)
(0 0 0.001)
(0.001 0 0)
(0 0.001 0)
(0 0 0.001)
(0.001 0 0)
(0 0.001 0)
(0 0 0.001)
(0.001 0 0)
(0 0.001 0)
(0 0 0.001)
(0.001 0 0)
(0 0.001 0)
(0 0 0.001)
(0.001 0 0)
(0 0.001 0)
(0 0 0.001)
(0.001 0 0)
(0 0.001 0)
(0 0 0.001)
(0.001 0 0)
(0 0.001 0)
(0 0 0.001)
(0.001 0 0)
(0 0.001 0)
(0 0 0.001)
(0.001 0 0)
(0 0.001 0)
(0 0 0.001)
(0.001 0 0)
(0 0.001 0)
(0 0 0.001)
(0.001 0 0)
(0 0.001 0)
(0 0 0.001)
(0.001 0 0)
(0 0.001 0)
(0 0 0.001)
(0.001 0 0)
(0 0.001 0)
(0 0 0.001)
(0.001 0 0)
(0 0.001 0)
(0 0 0.001)
(0.001 0 0)
(0 0.001 0)
(0 0 0.001)
(0.001 0 0)
(0 0.001 0)
(0 0 0.001)
(0.001 0 0)
(0 0.001 0)
(0 0 0.001)
(0.001 0 0)
(0 0.001 0)
(0 0 0.001)
(0.001 0 0)
(0 0.001 0)
(0 0 0.001)
(0.001 0 0)
(0 0.001 0)
(0 0 0.001)
(0.001 0 0)
(0 0.001 0)
(0 0 0.001)
(0.001 0 0)
(0 0.001 0)
(0 0 0.001)
(0.001 0 0)
(0 0.001 0)
(0 0 0.001)
(0.001 0 0)
(0 0.001 0)
(0 0 0.001)
(0.001 0 0)
(0 0.001 0)
(0 0 0.001)
(0.001 0 0)
(0 0.001 0)
(0 0 0.001)
(0.001 0 0)
(0 0.001 0)
(0 0 0.001)
(0.001 0 0)
(0 0.001 0)
(0 0 0.001)
(0.001 0 0)
(0 0.001 0)
(0 0 0.001)
(0.001 0 0)
(0 0.001 0)
(0 0 0.001)
(0.001 0 0)
(0 0.001 0)
(0 0 0.001)
(0.001 0 0)
(0 0.001 0)
(0 0 0.001)
(0.001 0 0)
(0 0.001 0)
(0 0 0.001)
(0.001 0 0)
(0 0.001 0)
(0 0 0.001)
(0.001 0 0)
(0 0.001 0)
(0 0 0.001)
(0.001 0 0)
(0 0.001 0)
(0 0 0.001)
(0.001 0 0)
(0 0.001 0)
(0 0 0.001)
(0.001 0 0)
(0 0.001 0)
(0 0 0.001)
(0.001 0 0)
(0 0.001 0)
(0 0 0.001)
(0.001 0 0)
(0 0.001 0)
(0 0 0.001)
(0.001 0 0)
(0 0.001 0)
(0 0 0.001)
(0.001 0 0)
(0 0.001 0)
(0 0 0.001)
(0.001 0 0)
(0 0.001 0)
(0 0 0.001)
(0.001 0 0)
(0 0.001 0)
(0 0 0.001)
(0.001 0 0)
(0 0.001 0)
(0 0 0.001)
(0.001 0 0)
(0 0.001 0)
(0 0 0.001)
(0.001 0 0)
(0 0.001 0)
(0 0 0.001)
(0.001 0 0)
(0 0.001 0)
(0 0 0.001)
(0.001 0 0)
(0 0.001 0)
(0 0 0.001)
(0.001 0 0)
(0 0.001 0)
(0 0 0.001)
(0.001 0 0)
(0 0.001 0)
(0 0 0.001)
(0.001 0 0)
(0 0.001 0)
(0 0 0.001)
(0.001 0 0)
(0 0.001 0)
(0 0 0.001)
(0.001 0 0)
(0 0.001 0)
(0 0 0.001)
(0.001 0 0)
(0 0.001 0)
(0 0 0.001)
(0.001 0 0)
(0 0.001 0)
(0 0 0.001)
(0.001 0 0)
(0 0.001 0)
(0 0 0.001)
(0.001 0 0)
(0 0.001 0)
(0 0 0.001)
(0.001 0 0)
(0 0.001 0)
(0 0 0.001)
(0.001 0 0)
(0 0.001 0)
(0 0 0.001)
(0.001 0 0)
(0 0.001 0)
(0 0 0.001)
(0.001 0 0)
(0 0.001 0)
(0 0 0.001)
(0.001 0 0)
(0 0.001 0)
(0 0 0.001)
(0.001 0 0)
(0 0.001 0)
(0 0 0.001)
(0.001 0 0)
(0 0.001 0)
(0 0 0.001)
(0.001 0 0)
(0 0.001 0)
(0 0 0.001)
(0.001 0 0)
(0 0.001 0)
(0 0 0.001)
(0.001 0 0)
(0 0.001 0)
(0 0 0.001)
(0.001 0 0)
(0 0.001 0)
(0 0 0.001)
(0.001 0 0)
(0 0.001 0)
(0 0 0.001)
(0.001 0 0)
(0 0.001 0)
(0 0 0.001)
(0.001 0 0)
(0 0.001 0)
(0 0 0.001)
(0.001 0 0)
(0 0.001 0)
(0 0 0.001)
(0.001 0 0)
(0 0.001 0)
(0 0 0.001)
(0.001 0 0)
(0 0.001 0)
(0 0 0.001)
(0.001 0 0)
(0 0.001 0)
(0 0 0.001)
(0.001 0 0)
(0 0.001 0)
(0 0 0.001)
(0.001 0 0)
(0 0.001 0)
(0 0 0.001)
(0.001 0 0)
(0 0.001 0)
(0 0 0.001)
(0.001 0 0)
(0 0.001 0)
(0 0 0.001)
(0.001 0 0)
(0 0.001 0)
(0 0 0.001)
(0.001 0 0)
(0 0.001 0)
(0 0 0.001)
(0.001 0 0)
(0 0.001 0)
(0 0 0.001)
(0.001 0 0)
(0 0.001 0)
(0 0 0.001)
(0.001 0 0)
(0 0.001 0)
(0 0 0.001)
(0.001 0 0)
(0 0.001 0)
(0 0 0.001)
(0.001 0 0)
(0 0.001 0)
(0 0 0.001)
(0.001 0 0)
(0 0.001 0)
(0 0 0.001)
(0.001 0 0)
(0 0.001 0)
(0 0 0.001)
(0.001 0 0)
(0 0.001 0)
(0 0 0.001)
(0.001 0 0)
(0 0.001 0)
(0 0 0.001)
(0.001 0 0)
(0 0.001 0)
(0 0 0.001)
(0.001 0 0)
(0 0.001 0)
(0 0 0.001)
(0.001 0 0)
(0 0.001 0)
(0 0 0.001)
(0.001 0 0)
(0 0.001 0)
(0 0 0.001)
(0.001 0 0)
(0 0.001 0)
(0 0 0.001)
(0.001 0 0)
(0 0.001 0)
(0 0 0.001)
(0.001 0 0)
(0 0.001 0)
(0 0 0.001)
(0.001 0 0)
(0 0.001 0)
(0 0 0.001)
(0.001 0 0)
(0 0.001 0)
(0 0 0.001)
(0.001 0 0)
(0 0.001 0)
(0 0 0.001)
(0.001 0 0)
(0 0.001 0)
(0 0 0.001)
(0.001 0 0)
(0 0.001 0)
(0 0 0.001)
(0.001 0 0)
(0 0.001 0)
(0 0 0.001)
(0.001 0 0)
(0 0.001 0)
(0 0 0.001)
(0.001 0 0)
(0 0.001 0)
(0 0 0.001)
(0.001 0 0)
(0 0.001 0)
(0 0 0.001)
(0.001 0 0)
(0 0.001 0)
(0 0 0.001)
(0.001 0 0)
(0 0.001 0)
(0 0 0.001)
(0.001 0 0)
(0 0.001 0)
(0 0 0.001)
(0.001 0 0)
(0 0.001 0)
(0 0 0.001)
(0.001 0 0)
(0 0.001 0)
(0 0 0.001)
(0.001 0 0)
(0 0.001 0)
(0 0 0.001)
(0.001 0 0)
(0 0.001 0)
(0 0 0.001)
(0.001 0 0)
(0 0.001 0)
(0 0 0.001)
(0.001 0 0)
(0 0.001 0)
(0 0 0.001)
(0.001 0 0)
(0 0.001 0)
(0 0 0.001)
(0.001 0 0)
(0 0.001 0)
(0 0 0.001)
(0.001 0 0)
(0 0.001 0)
(0 0 0.001)
(0.001 0 0)
(0 0.001 0)
(0 0 0.001)
(0.001 0 0)
(0 0.001 0)
(0 0 0.001)
(0.001 0 0)
(0 0.001 0)
(0 0 0.001)
(0.001 0 0)
(0 0.001 0)
(0 0 0.001)
(0.001 0 0)
(0 0.001 0)
(0 0 0.001)
(0.001 0 0)
(0 0.001 0)
(0 0 0.001)
(0.001 0 0)
(0 0.001 0)
(0 0 0.001)
(0.001 0 0)
(0 0.001 0)
(0 0 0.001)
(0.001 0 0)
(0 0.001 0)
(0 0 0.001)
(0.001 0 0)
(0 0.001 0)
(0 0 0.001)
(0.001 0 0)
(0 0.001 0)
(0 0 0.001)
(0.001 0 0)
(0 0.001 0)
(0 0 0.001)
(0.001 0 0)
(0 0.001 0)
(0 0 0.001)
(0.001 0 0)
(0 0.001 0)
(0 0 0.001)
(0.001 0 0)
(0 0.001 0)
(0 0 0.001)
(0.001 0 0)
(0 0.001 0)
(0 0 0.001)
(0.001 0 0)
(0 0.001 0)
(0 0 0.001)
(0.001 0 0)
(0 0.001 0)
(0 0 0.001)
(0.001 0 0)
(0 0.001 0)
(0 0 0.001)
(0.001 0 0)
(0 0.001 0)
(0 0 0.001)
(0.001 0 0)
(0 0.001 0)
(0 0 0.001)
(0.001 0 0)
(0 0.001 0)
(0 0 0.001)
(0.001 0 0)
(0 0.001 0)
(0 0 0.001)
(0.001 0 0)
(0 0.001 0)
(0 0 0.001)
(0.001 0 0)
(0 0.001 0)
(0 0 0.001)
(0.001 0 0)
(0 0.001 0)
(0 0 0.001)
(0.001 0 0)
(0 0.001 0)
(0 0 0.001)
(0.001 0 0)
(0 0.001 0)
(0 0 0.001)
(0.001 0 0)
(0 0.001 0)
(0 0 0.001)
(0.001 0 0)
(0 0.001 0)
(0 0 0.001)
(0.001 0 0)
(0 0.001 0)
(0 0 0.001)
(0.001 0 0)
(0 0.001 0)
(0 0 0.001)
(0.001 0 0)
(0 0.001 0)
(0 0 0.001)
(0.001 0 0)
(0 0.001 0)
(0 0 0.001)
(0.001 0 0)
(0 0.001 0)
(0 0 0.001)
(0.001 0 0)
(0 0.001 0)
(0 0 0.001)
(0.001 0 0)
(0 0.001 0)
(0 0 0.001)
(0.001 0 0)
(0 0.001 0)
(0 0 0.001)
(0.001 0 0)
(0 0.001 0)
(0 0 0.001)
(0.001 0 0)
(0 0.001 0)
(0 0 0.001)
(0.001 0 0)
(0 0.001 0)
(0 0 0.001)
(0.001 0 0)
(0 0.001 0)
(0 0 0.001)
(0.001 0 0)
(0 0.001 0)
(0 0 0.001)
(0.001 0 0)
(0 0.001 0)
(0 0 0.001)
(0.001 0 0)
(0 0.001 0)
(0 0 0.001)
(0.001 0 0)
(0 0.001 0)
(0 0 0.001)
(0.001 0 0)
(0 0.001 0)
(0 0 0.001)
(0.001 0 0)
(0 0.001 0)
(0 0 0.001)
(0.001 0 0)
(0 0.001 0)
(0 0 0.001)
(0.001 0 0)
(0 0.001 0)
(0 0 0.001)
(0.001 0 0)
(0 0.001 0)
(0 0 0.001)
(0.001 0 0)
(0 0.001 0)
(0 0 0.001)
(0.001 0 0)
(0 0.001 0)
(0 0 0.001)
(0.001 0 0)
(0 0.001 0)
(0 0 0.001)
(0.001 0 0)
(0 0.001 0)
(0 0 0.001)
(0.001 0 0)
(0 0.001 0)
(0 0 0.001)
(0.001 0 0)
(0 0.001 0)
(0 0 0.001)
(0.001 0 0)
(0 0.001 0)
(0 0 0.001)
(0.001 0 0)
(0 0.001 0)
(0 0 0.001)
(0.001 0 0)
(0 0.001 0)
(0 0 0.001)
(0.001 0 0)
(0 0.001 0)
(0 0 0.001)
(0.001 0 0)
(0 0.001 0)
(0 0 0.001)
(0.001 0 0)
(0 0.001 0)
(0 0 0.001)
(0.001 0 0)
(0 0.001 0)
(0 0 0.001)
(0.001 0 0)
(0 0.001 0)
(0 0 0.001)
(0.001 0 0)
(0 0.001 0)
(0 0 0.001)
(0.001 0 0)
(0 0.001 0)
(0 0 0.001)
(0.001 0 0)
(0 0.001 0)
(0 0 0.001)
(0.001 0 0)
(0 0.001 0)
(0 0 0.001)
(0.001 0 0)
(0 0.001 0)
(0 0 0.001)
(0.001 0 0)
(0 0.001 0)
(0 0 0.001)
(0.001 0 0)
(0 0.001 0)
(0 0 0.001)
(0.001 0 0)
(0 0.001 0)
(0 0 0.001)
(0.001 0 0)
(0 0.001 0)
(0 0 0.001)
(0.001 0 0)
(0 0.001 0)
(0 0 0.001)
(0.001 0 0)
(0 0.001 0)
(0 0 0.001)
(0.001 0 0)
(0 0.001 0)
(0 0 0.001)
(0.001 0 0)
(0 0.001 0)
(0 0 0.001)
(0.001 0 0)
(0 0.001 0)
(0 0 0.001)
(0.001 0 0)
(0 0.001 0)
(0 0 0.001)
(0.001 0 0)
(0 0.001 0)
(0 0 0.001)
(0.001 0 0)
(0 0.001 0)
(0 0 0.001)
(0.001 0 0)
(0 0.001 0)
(0 0 0.001)
(0.001 0 0)
(0 0.001 0)
(0 0 0.001)
(0.001 0 0)
(0 0.001 0)
(0 0 0.001)
(0.001 0 0)
(0 0.001 0)
(0 0 0.001)
(0.001 0 0)
(0 0.001 0)
(0 0 0.001)
(0.001 0 0)
(0 0.001 0)
(0 0 0.001)
(0.001 0 0)
(0 0.001 0)
)
;
    }
    sides1_half0
    {
        type            cyclic;
    }
    sides1_half1
    {
        type            cyclic;
    }
    sides2_half0
    {
        type            cyclic;
    }
    sides2_half1
    {
        type            cyclic;
    }
    inout1_half0
    {
        type            cyclic;
    }
    inout1_half1
    {
        type            cyclic;
    }
    inout2_half0
    {
        type            cyclic;
    }
    inout2_half1
    {
        type            cyclic;
    }
    procBoundary3to1
    {
        type            processor;
        value           uniform (0 0 0);
    }
    procBoundary3to1throughsides2_half1
    {
        type            processorCyclic;
        value           uniform (0 0 0);
    }
    procBoundary3to2
    {
        type            processor;
        value           uniform (0 0 0);
    }
}


// ************************************************************************* //
