/*--------------------------------*- C++ -*----------------------------------*\
  =========                 |
  \\      /  F ield         | OpenFOAM: The Open Source CFD Toolbox
   \\    /   O peration     | Website:  https://openfoam.org
    \\  /    A nd           | Version:  10
     \\/     M anipulation  |
\*---------------------------------------------------------------------------*/
FoamFile
{
    format      ascii;
    class       volVectorField;
    location    "42.5";
    object      UWrite;
}
// * * * * * * * * * * * * * * * * * * * * * * * * * * * * * * * * * * * * * //

dimensions      [0 1 -1 0 0 0 0];

internalField   uniform (0 0 0);

boundaryField
{
    bottomWall
    {
        type            calculated;
        value           nonuniform List<vector> 
1600
(
(6.93337e-310 6.93337e-310 4.64323e-310)
(4.64323e-310 0.025 -1.33227e-15)
(-2.77556e-17 0.025 4.44089e-16)
(2.77556e-17 0.025 0)
(0 0.025 -4.44089e-16)
(-2.77556e-17 0.025 -4.44089e-16)
(-1.38778e-17 0.025 -4.44089e-16)
(1.38778e-17 0.025 -4.44089e-16)
(0 0.025 4.44089e-16)
(0 0.025 4.44089e-16)
(1.38778e-17 0.025 -4.44089e-16)
(-6.93889e-18 0.025 0)
(6.93889e-18 0.025 -4.44089e-16)
(6.93889e-18 0.025 -1.33227e-15)
(-3.46945e-18 0.025 4.44089e-16)
(3.46945e-18 0.025 0)
(-3.46945e-18 0.025 8.88178e-16)
(-3.46945e-18 0.025 0)
(3.46945e-18 0.025 -4.44089e-16)
(-6.93889e-18 0.025 4.44089e-16)
(6.92757e-310 6.92757e-310 4.67542e-310)
(4.67542e-310 0.21416 1.975)
(0.65 0.240547 1.975)
(0.65 0.269572 1.975)
(0.65 0.3015 1.975)
(0.65 0.33662 1.975)
(0.65 0.375252 1.975)
(0.65 0.417747 1.975)
(0.65 0.464491 1.975)
(0.65 0.515908 1.975)
(0.75 0.515908 1.975)
(0.85 0.515908 1.975)
(0.95 0.515908 1.975)
(1.05 0.515908 1.975)
(1.15 0.515908 1.975)
(1.25 0.515908 1.975)
(1.35 0.515908 1.975)
(1.45 0.515908 1.975)
(1.55 0.515908 1.975)
(1.65 0.515908 1.975)
(0 0.025 0)
(3.46945e-18 0.025 8.88178e-16)
(0 0.025 0)
(0 0.025 -4.44089e-16)
(-3.46945e-18 0.025 0)
(3.46945e-18 0.025 0)
(0 0.025 8.88178e-16)
(0 0.025 4.44089e-16)
(0 0.025 0)
(-3.46945e-18 0.025 4.44089e-16)
(0 0.025 0)
(-3.46945e-18 0.025 2.22045e-16)
(-3.46945e-18 0.025 0)
(-3.46945e-18 0.025 4.44089e-16)
(0 0.025 -2.22045e-16)
(-3.46945e-18 0.025 0)
(0 0.025 -2.22045e-16)
(-3.46945e-18 0.025 -2.22045e-16)
(-3.46945e-18 0.025 -2.22045e-16)
(0 0.025 -2.22045e-16)
(1.75 0.515908 1.975)
(1.85 0.515908 1.975)
(1.95 0.515908 1.975)
(2.05 0.515908 1.975)
(2.05 0.464491 1.975)
(2.05 0.417747 1.975)
(2.15 0.417747 1.975)
(2.25 0.417747 1.975)
(2.35 0.417747 1.975)
(2.45 0.417747 1.975)
(2.55 0.417747 1.975)
(2.65 0.417747 1.975)
(2.75 0.417747 1.975)
(2.85 0.417747 1.975)
(2.95 0.417747 1.975)
(3.05 0.417747 1.975)
(3.15 0.417747 1.975)
(3.25 0.417747 1.975)
(3.25 0.375252 1.975)
(3.25 0.33662 1.975)
(-6.93889e-18 0.025 0)
(-3.46945e-18 0.025 -2.22045e-16)
(-3.46945e-18 0.025 -1.11022e-16)
(-3.46945e-18 0.025 0)
(-3.46945e-18 0.025 1.11022e-16)
(0 0.025 -1.11022e-16)
(0 0.025 -5.55112e-17)
(-6.93889e-18 0.025 -5.55112e-17)
(0 0.025 -5.55112e-17)
(0 0.025 0)
(0 0.025 0)
(0 0.025 -5.55112e-17)
(0 0.025 5.55112e-17)
(-1.38778e-17 0.025 0)
(0 0.025 5.55112e-17)
(1.38778e-17 0.025 1.11022e-16)
(4.16334e-17 0.025 5.55112e-17)
(1.38778e-17 0.025 0)
(-2.77556e-17 0.025 -5.55112e-17)
(-2.77556e-17 0.025 0)
(3.25 0.3015 1.975)
(3.25 0.269572 1.975)
(3.25 0.240547 1.975)
(3.25 0.21416 1.975)
(3.25 0.190172 1.975)
(3.25 0.168364 1.975)
(3.25 0.148539 1.975)
(3.25 0.130516 1.975)
(3.25 0.114131 1.975)
(3.25 0.099236 1.975)
(3.25 0.0856946 1.975)
(3.25 0.0733843 1.975)
(3.25 0.0621929 1.975)
(3.25 0.0520189 1.975)
(3.15 0.0520189 1.975)
(3.05 0.0520189 1.975)
(2.95 0.0520189 1.975)
(2.85 0.0520189 1.975)
(2.75 0.0520189 1.975)
(2.65 0.0520189 1.975)
(-2.77556e-17 0.025 0)
(0 0.025 0)
(0 0.025 0)
(2.77556e-17 0.025 -5.55112e-17)
(-5.55112e-17 0.025 5.55112e-17)
(-5.55112e-17 0.025 5.55112e-17)
(-5.55112e-17 0.025 5.55112e-17)
(5.55112e-17 0.025 1.11022e-16)
(0 0.025 5.55112e-17)
(0 0.025 0)
(0 0.025 -5.55112e-17)
(0 0.025 5.55112e-17)
(0 0.025 -5.55112e-17)
(1.11022e-16 0.025 5.55112e-17)
(0 0.025 0)
(-1.11022e-16 0.025 0)
(-2.22045e-16 0.025 1.11022e-16)
(1.11022e-16 0.025 -2.22045e-16)
(-1.11022e-16 0.025 2.22045e-16)
(-1.11022e-16 0.025 -2.22045e-16)
(2.55 0.0520189 1.975)
(2.45 0.0520189 1.975)
(2.35 0.0520189 1.975)
(2.25 0.0520189 1.975)
(2.15 0.0520189 1.975)
(2.05 0.0520189 1.975)
(1.95 0.0520189 1.975)
(1.85 0.0520189 1.975)
(1.75 0.0520189 1.975)
(1.65 0.0520189 1.975)
(1.55 0.0520189 1.975)
(1.45 0.0520189 1.975)
(1.35 0.0520189 1.975)
(1.25 0.0520189 1.975)
(1.15 0.0520189 1.975)
(1.05 0.0520189 1.975)
(0.95 0.0520189 1.975)
(0.85 0.0520189 1.975)
(0.75 0.0520189 1.975)
(0.75 0.0621929 1.975)
(1.11022e-16 0.025 -2.22045e-16)
(1.11022e-16 0.025 0)
(1.11022e-16 0.025 0)
(0 0.025 2.22045e-16)
(2.22045e-16 0.025 2.22045e-16)
(-1.11022e-16 0.025 -2.22045e-16)
(1.11022e-16 0.025 0)
(1.11022e-16 0.025 -2.22045e-16)
(1.11022e-16 0.025 0)
(3.33067e-16 0.025 -4.44089e-16)
(0 0.025 0)
(1.11022e-16 0.025 -4.44089e-16)
(-2.22045e-16 0.025 -4.44089e-16)
(1.11022e-16 0.025 8.88178e-16)
(1.11022e-16 0.025 4.44089e-16)
(0 0.025 0)
(0 0.025 4.44089e-16)
(0 0.025 4.44089e-16)
(0 0.025 0)
(0 0.025 4.44089e-16)
(0.75 0.0733843 1.975)
(0.75 0.0856946 1.975)
(0.75 0.099236 1.975)
(0.75 0.114131 1.975)
(0.75 0.130516 1.975)
(0.75 0.148539 1.975)
(0.75 0.168364 1.975)
(0.75 0.190172 1.975)
(0.75 0.21416 1.975)
(0.75 0.240547 1.975)
(0.75 0.269572 1.975)
(0.75 0.3015 1.975)
(0.75 0.33662 1.975)
(0.75 0.375252 1.975)
(0.75 0.417747 1.975)
(0.75 0.464491 1.975)
(0.85 0.464491 1.975)
(0.95 0.464491 1.975)
(1.05 0.464491 1.975)
(1.15 0.464491 1.975)
(0 0.025 4.44089e-16)
(0 0.025 4.44089e-16)
(0 0.025 -4.44089e-16)
(0 0.025 -4.44089e-16)
(0 0.025 4.44089e-16)
(0 0.025 0)
(0 0.025 4.44089e-16)
(1.11022e-16 0.025 0)
(-1.11022e-16 0.025 0)
(0 0.025 0)
(1.11022e-16 0.025 0)
(0 0.025 0)
(1.11022e-16 0.025 4.44089e-16)
(5.55112e-17 0.025 0)
(0 0.025 4.44089e-16)
(0 0.025 -4.44089e-16)
(0 0.025 4.44089e-16)
(-2.77556e-17 0.025 -4.44089e-16)
(1.11022e-16 0.025 4.44089e-16)
(2.77556e-17 0.025 -4.44089e-16)
(1.25 0.464491 1.975)
(1.35 0.464491 1.975)
(1.45 0.464491 1.975)
(1.55 0.464491 1.975)
(1.65 0.464491 1.975)
(1.75 0.464491 1.975)
(1.85 0.464491 1.975)
(1.95 0.464491 1.975)
(1.95 0.417747 1.975)
(1.95 0.375252 1.975)
(2.05 0.375252 1.975)
(2.15 0.375252 1.975)
(2.25 0.375252 1.975)
(2.35 0.375252 1.975)
(2.45 0.375252 1.975)
(2.55 0.375252 1.975)
(2.65 0.375252 1.975)
(2.75 0.375252 1.975)
(2.85 0.375252 1.975)
(2.95 0.375252 1.975)
(0 0.025 4.44089e-16)
(0 0.025 8.88178e-16)
(2.77556e-17 0.025 8.88178e-16)
(1.38778e-17 0.025 0)
(4.16334e-17 0.025 0)
(-2.77556e-17 0.025 4.44089e-16)
(-1.38778e-17 0.025 0)
(0 0.025 0)
(0 0.025 -4.44089e-16)
(6.93889e-18 0.025 -4.44089e-16)
(-6.93889e-18 0.025 0)
(-3.46945e-18 0.025 4.44089e-16)
(-3.46945e-18 0.025 4.44089e-16)
(-3.46945e-18 0.025 0)
(0 0.025 4.44089e-16)
(-3.46945e-18 0.025 -4.44089e-16)
(0 0.025 -4.44089e-16)
(-3.46945e-18 0.025 4.44089e-16)
(-3.46945e-18 0.025 0)
(0 0.025 0)
(3.05 0.375252 1.975)
(3.15 0.375252 1.975)
(3.15 0.33662 1.975)
(3.15 0.3015 1.975)
(3.15 0.269572 1.975)
(3.15 0.240547 1.975)
(3.15 0.21416 1.975)
(3.15 0.190172 1.975)
(3.15 0.168364 1.975)
(3.15 0.148539 1.975)
(3.15 0.130516 1.975)
(3.15 0.114131 1.975)
(3.15 0.099236 1.975)
(3.15 0.0856946 1.975)
(3.15 0.0733843 1.975)
(3.15 0.0621929 1.975)
(3.05 0.0621929 1.975)
(2.95 0.0621929 1.975)
(2.85 0.0621929 1.975)
(2.75 0.0621929 1.975)
(-3.46945e-18 0.025 0)
(-3.46945e-18 0.025 0)
(-3.46945e-18 0.025 -4.44089e-16)
(-3.46945e-18 0.025 4.44089e-16)
(0 0.025 -8.88178e-16)
(-3.46945e-18 0.025 0)
(0 0.025 -2.22045e-16)
(-6.93889e-18 0.025 -2.22045e-16)
(-3.46945e-18 0.025 -2.22045e-16)
(-6.93889e-18 0.025 0)
(-3.46945e-18 0.025 0)
(-3.46945e-18 0.025 -6.66134e-16)
(-6.93889e-18 0.025 0)
(0 0.025 -2.22045e-16)
(-6.93889e-18 0.025 -2.22045e-16)
(-3.46945e-18 0.025 -2.22045e-16)
(-6.93889e-18 0.025 0)
(3.46945e-18 0.025 0)
(-3.46945e-18 0.025 -1.11022e-16)
(-6.93889e-18 0.025 -1.11022e-16)
(2.65 0.0621929 1.975)
(2.55 0.0621929 1.975)
(2.45 0.0621929 1.975)
(2.35 0.0621929 1.975)
(2.25 0.0621929 1.975)
(2.15 0.0621929 1.975)
(2.05 0.0621929 1.975)
(1.95 0.0621929 1.975)
(1.85 0.0621929 1.975)
(1.75 0.0621929 1.975)
(1.65 0.0621929 1.975)
(1.55 0.0621929 1.975)
(1.45 0.0621929 1.975)
(1.35 0.0621929 1.975)
(1.25 0.0621929 1.975)
(1.15 0.0621929 1.975)
(1.05 0.0621929 1.975)
(0.95 0.0621929 1.975)
(0.85 0.0621929 1.975)
(0.85 0.0733843 1.975)
(-3.46945e-18 0.025 -1.11022e-16)
(3.46945e-18 0.025 2.22045e-16)
(3.46945e-18 0.025 0)
(0 0.025 1.11022e-16)
(-6.93889e-18 0.025 -5.55112e-17)
(-1.38778e-17 0.025 0)
(6.93889e-18 0.025 1.11022e-16)
(0 0.025 0)
(1.38778e-17 0.025 0)
(1.38778e-17 0.025 0)
(0 0.025 5.55112e-17)
(-2.77556e-17 0.025 0)
(-2.77556e-17 0.025 -5.55112e-17)
(-5.55112e-17 0.025 -5.55112e-17)
(-2.77556e-17 0.025 -5.55112e-17)
(-5.55112e-17 0.025 1.11022e-16)
(2.77556e-17 0.025 -5.55112e-17)
(0 0.025 -5.55112e-17)
(0 0.025 5.55112e-17)
(5.55112e-17 0.025 1.11022e-16)
(0.85 0.0856946 1.975)
(0.85 0.099236 1.975)
(0.85 0.114131 1.975)
(0.85 0.130516 1.975)
(0.85 0.148539 1.975)
(0.85 0.168364 1.975)
(0.85 0.190172 1.975)
(0.85 0.21416 1.975)
(0.85 0.240547 1.975)
(0.85 0.269572 1.975)
(0.85 0.3015 1.975)
(0.85 0.33662 1.975)
(0.85 0.375252 1.975)
(0.85 0.417747 1.975)
(0.95 0.417747 1.975)
(1.05 0.417747 1.975)
(1.15 0.417747 1.975)
(1.25 0.417747 1.975)
(1.35 0.417747 1.975)
(1.45 0.417747 1.975)
(5.55112e-17 0.025 0)
(5.55112e-17 0.025 5.55112e-17)
(-1.11022e-16 0.025 -5.55112e-17)
(-1.11022e-16 0.025 1.11022e-16)
(-1.11022e-16 0.025 -5.55112e-17)
(-1.11022e-16 0.025 -1.11022e-16)
(-1.11022e-16 0.025 0)
(0 0.025 -1.11022e-16)
(0 0.025 0)
(0 0.025 1.11022e-16)
(0 0.025 -2.22045e-16)
(-1.11022e-16 0.025 0)
(0 0.025 4.44089e-16)
(0 0.025 2.22045e-16)
(1.11022e-16 0.025 0)
(0 0.025 2.22045e-16)
(1.11022e-16 0.025 0)
(1.11022e-16 0.025 -2.22045e-16)
(0 0.025 2.22045e-16)
(1.11022e-16 0.025 -2.22045e-16)
(1.55 0.417747 1.975)
(1.65 0.417747 1.975)
(1.75 0.417747 1.975)
(1.85 0.417747 1.975)
(1.85 0.375252 1.975)
(1.85 0.33662 1.975)
(1.95 0.33662 1.975)
(2.05 0.33662 1.975)
(2.15 0.33662 1.975)
(2.25 0.33662 1.975)
(2.35 0.33662 1.975)
(2.45 0.33662 1.975)
(2.55 0.33662 1.975)
(2.65 0.33662 1.975)
(2.75 0.33662 1.975)
(2.85 0.33662 1.975)
(2.95 0.33662 1.975)
(3.05 0.33662 1.975)
(3.05 0.3015 1.975)
(3.05 0.269572 1.975)
(-1.11022e-16 0.025 -8.88178e-16)
(-1.11022e-16 0.025 -4.44089e-16)
(0 0.025 4.44089e-16)
(-2.22045e-16 0.025 4.44089e-16)
(1.11022e-16 0.025 0)
(1.11022e-16 0.025 0)
(1.11022e-16 0.025 0)
(1.11022e-16 0.025 4.44089e-16)
(0 0.025 0)
(1.11022e-16 0.025 0)
(1.11022e-16 0.025 0)
(1.11022e-16 0.025 -4.44089e-16)
(1.11022e-16 0.025 -4.44089e-16)
(1.11022e-16 0.025 -4.44089e-16)
(1.11022e-16 0.025 0)
(0 0.025 4.44089e-16)
(1.11022e-16 0.025 0)
(1.11022e-16 0.025 0)
(0 0.025 4.44089e-16)
(1.11022e-16 0.025 4.44089e-16)
(3.05 0.240547 1.975)
(3.05 0.21416 1.975)
(3.05 0.190172 1.975)
(3.05 0.168364 1.975)
(3.05 0.148539 1.975)
(3.05 0.130516 1.975)
(3.05 0.114131 1.975)
(3.05 0.099236 1.975)
(3.05 0.0856946 1.975)
(3.05 0.0733843 1.975)
(2.95 0.0733843 1.975)
(2.85 0.0733843 1.975)
(2.75 0.0733843 1.975)
(2.65 0.0733843 1.975)
(2.55 0.0733843 1.975)
(2.45 0.0733843 1.975)
(2.35 0.0733843 1.975)
(2.25 0.0733843 1.975)
(2.15 0.0733843 1.975)
(2.05 0.0733843 1.975)
(5.55112e-17 0.025 8.88178e-16)
(1.11022e-16 0.025 -4.44089e-16)
(5.55112e-17 0.025 -4.44089e-16)
(5.55112e-17 0.025 0)
(5.55112e-17 0.025 4.44089e-16)
(0 0.025 4.44089e-16)
(5.55112e-17 0.025 -4.44089e-16)
(-5.55112e-17 0.025 4.44089e-16)
(0 0.025 4.44089e-16)
(2.77556e-17 0.025 -4.44089e-16)
(0 0.025 4.44089e-16)
(1.38778e-17 0.025 0)
(-1.38778e-17 0.025 -4.44089e-16)
(0 0.025 -4.44089e-16)
(0 0.025 4.44089e-16)
(1.38778e-17 0.025 4.44089e-16)
(1.38778e-17 0.025 4.44089e-16)
(6.93889e-18 0.025 0)
(6.93889e-18 0.025 0)
(6.93889e-18 0.025 -1.33227e-15)
(1.95 0.0733843 1.975)
(1.85 0.0733843 1.975)
(1.75 0.0733843 1.975)
(1.65 0.0733843 1.975)
(1.55 0.0733843 1.975)
(1.45 0.0733843 1.975)
(1.35 0.0733843 1.975)
(1.25 0.0733843 1.975)
(1.15 0.0733843 1.975)
(1.05 0.0733843 1.975)
(0.95 0.0733843 1.975)
(0.95 0.0856946 1.975)
(0.95 0.099236 1.975)
(0.95 0.114131 1.975)
(0.95 0.130516 1.975)
(0.95 0.148539 1.975)
(0.95 0.168364 1.975)
(0.95 0.190172 1.975)
(0.95 0.21416 1.975)
(0.95 0.240547 1.975)
(6.93889e-18 0.025 0)
(6.93889e-18 0.025 0)
(0 0.025 -4.44089e-16)
(0 0.025 0)
(0 0.025 0)
(0 0.025 0)
(6.93889e-18 0.025 4.44089e-16)
(6.93889e-18 0.025 0)
(0 0.025 4.44089e-16)
(6.93889e-18 0.025 -8.88178e-16)
(0 0.025 4.44089e-16)
(0 0.025 4.44089e-16)
(6.93889e-18 0.025 0)
(0 0.025 -2.22045e-16)
(-6.93889e-18 0.025 -2.22045e-16)
(6.93889e-18 0.025 -2.22045e-16)
(-6.93889e-18 0.025 0)
(0 0.025 -2.22045e-16)
(0 0.025 -4.44089e-16)
(-6.93889e-18 0.025 2.22045e-16)
(0.95 0.269572 1.975)
(0.95 0.3015 1.975)
(0.95 0.33662 1.975)
(0.95 0.375252 1.975)
(1.05 0.375252 1.975)
(1.15 0.375252 1.975)
(1.25 0.375252 1.975)
(1.35 0.375252 1.975)
(1.45 0.375252 1.975)
(1.55 0.375252 1.975)
(1.65 0.375252 1.975)
(1.75 0.375252 1.975)
(1.75 0.33662 1.975)
(1.75 0.3015 1.975)
(1.85 0.3015 1.975)
(1.95 0.3015 1.975)
(2.05 0.3015 1.975)
(2.15 0.3015 1.975)
(2.25 0.3015 1.975)
(2.35 0.3015 1.975)
(0 0.025 -2.22045e-16)
(0 0.025 0)
(0 0.025 0)
(-6.93889e-18 0.025 -2.22045e-16)
(0 0.025 0)
(0 0.025 0)
(0 0.025 0)
(0 0.025 1.11022e-16)
(-6.93889e-18 0.025 1.11022e-16)
(-1.38778e-17 0.025 -1.11022e-16)
(0 0.025 -1.11022e-16)
(-1.38778e-17 0.025 -1.11022e-16)
(-1.38778e-17 0.025 0)
(-1.38778e-17 0.025 0)
(-2.77556e-17 0.025 -1.11022e-16)
(0 0.025 0)
(0 0.025 0)
(0 0.025 0)
(-2.77556e-17 0.025 0)
(-5.55112e-17 0.025 1.11022e-16)
(2.45 0.3015 1.975)
(2.55 0.3015 1.975)
(2.65 0.3015 1.975)
(2.75 0.3015 1.975)
(2.85 0.3015 1.975)
(2.95 0.3015 1.975)
(2.95 0.269572 1.975)
(2.95 0.240547 1.975)
(2.95 0.21416 1.975)
(2.95 0.190172 1.975)
(2.95 0.168364 1.975)
(2.95 0.148539 1.975)
(2.95 0.130516 1.975)
(2.95 0.114131 1.975)
(2.95 0.099236 1.975)
(2.95 0.0856946 1.975)
(2.85 0.0856946 1.975)
(2.75 0.0856946 1.975)
(2.65 0.0856946 1.975)
(2.55 0.0856946 1.975)
(0 0.025 1.11022e-16)
(0 0.025 1.11022e-16)
(5.55112e-17 0.025 0)
(0 0.025 1.11022e-16)
(5.55112e-17 0.025 0)
(-1.11022e-16 0.025 0)
(-5.55112e-17 0.025 -1.11022e-16)
(0 0.025 1.11022e-16)
(0 0.025 2.22045e-16)
(0 0.025 1.11022e-16)
(1.11022e-16 0.025 0)
(0 0.025 0)
(-1.11022e-16 0.025 0)
(0 0.025 2.22045e-16)
(0 0.025 2.22045e-16)
(0 0.025 -2.22045e-16)
(0 0.025 0)
(0 0.025 4.44089e-16)
(0 0.025 0)
(0 0.025 2.22045e-16)
(2.45 0.0856946 1.975)
(2.35 0.0856946 1.975)
(2.25 0.0856946 1.975)
(2.15 0.0856946 1.975)
(2.05 0.0856946 1.975)
(1.95 0.0856946 1.975)
(1.85 0.0856946 1.975)
(1.75 0.0856946 1.975)
(1.65 0.0856946 1.975)
(1.55 0.0856946 1.975)
(1.45 0.0856946 1.975)
(1.35 0.0856946 1.975)
(1.25 0.0856946 1.975)
(1.15 0.0856946 1.975)
(1.05 0.0856946 1.975)
(1.05 0.099236 1.975)
(1.05 0.114131 1.975)
(1.05 0.130516 1.975)
(1.05 0.148539 1.975)
(1.05 0.168364 1.975)
(0 0.025 0)
(0 0.025 2.22045e-16)
(0 0.025 4.44089e-16)
(0 0.025 0)
(0 0.025 4.44089e-16)
(0 0.025 4.44089e-16)
(1.11022e-16 0.025 -8.88178e-16)
(-1.66533e-16 0.025 -4.44089e-16)
(0 0.025 -4.44089e-16)
(0 0.025 0)
(0 0.025 0)
(-5.55112e-17 0.025 0)
(5.55112e-17 0.025 -8.88178e-16)
(0 0.025 0)
(-5.55112e-17 0.025 4.44089e-16)
(-5.55112e-17 0.025 -8.88178e-16)
(-5.55112e-17 0.025 -1.33227e-15)
(-1.66533e-16 0.025 -4.44089e-16)
(-5.55112e-17 0.025 0)
(1.11022e-16 0.025 8.88178e-16)
(1.05 0.190172 1.975)
(1.05 0.21416 1.975)
(1.05 0.240547 1.975)
(1.05 0.269572 1.975)
(1.05 0.3015 1.975)
(1.05 0.33662 1.975)
(1.15 0.33662 1.975)
(1.25 0.33662 1.975)
(1.35 0.33662 1.975)
(1.45 0.33662 1.975)
(1.55 0.33662 1.975)
(1.65 0.33662 1.975)
(1.65 0.3015 1.975)
(1.65 0.269572 1.975)
(1.75 0.269572 1.975)
(1.85 0.269572 1.975)
(1.95 0.269572 1.975)
(2.05 0.269572 1.975)
(2.15 0.269572 1.975)
(2.25 0.269572 1.975)
(1.11022e-16 0.025 4.44089e-16)
(1.11022e-16 0.025 0)
(5.55112e-17 0.025 8.88178e-16)
(1.11022e-16 0.025 0)
(2.77556e-17 0.025 4.44089e-16)
(0 0.025 -4.44089e-16)
(-2.77556e-17 0.025 4.44089e-16)
(2.77556e-17 0.025 0)
(0 0.025 -8.88178e-16)
(-2.77556e-17 0.025 -4.44089e-16)
(0 0.025 -4.44089e-16)
(-1.38778e-17 0.025 0)
(0 0.025 4.44089e-16)
(0 0.025 4.44089e-16)
(2.08167e-17 0.025 0)
(0 0.025 -4.44089e-16)
(0 0.025 0)
(6.93889e-18 0.025 4.44089e-16)
(6.93889e-18 0.025 -4.44089e-16)
(6.93889e-18 0.025 4.44089e-16)
(2.35 0.269572 1.975)
(2.45 0.269572 1.975)
(2.55 0.269572 1.975)
(2.65 0.269572 1.975)
(2.75 0.269572 1.975)
(2.85 0.269572 1.975)
(2.85 0.240547 1.975)
(2.85 0.21416 1.975)
(2.85 0.190172 1.975)
(2.85 0.168364 1.975)
(2.85 0.148539 1.975)
(2.85 0.130516 1.975)
(2.85 0.114131 1.975)
(2.85 0.099236 1.975)
(2.75 0.099236 1.975)
(2.65 0.099236 1.975)
(2.55 0.099236 1.975)
(2.45 0.099236 1.975)
(2.35 0.099236 1.975)
(2.25 0.099236 1.975)
(6.93889e-18 0.025 0)
(6.93889e-18 0.025 4.44089e-16)
(6.93889e-18 0.025 0)
(0 0.025 -4.44089e-16)
(0 0.025 8.88178e-16)
(6.93889e-18 0.025 -4.44089e-16)
(0 0.025 4.44089e-16)
(6.93889e-18 0.025 4.44089e-16)
(6.93889e-18 0.025 8.88178e-16)
(6.93889e-18 0.025 0)
(-6.93889e-18 0.025 0)
(0 0.025 -4.44089e-16)
(-6.93889e-18 0.025 -2.22045e-16)
(0 0.025 2.22045e-16)
(1.38778e-17 0.025 0)
(0 0.025 -2.22045e-16)
(-6.93889e-18 0.025 -2.22045e-16)
(0 0.025 -2.22045e-16)
(-6.93889e-18 0.025 -2.22045e-16)
(-6.93889e-18 0.025 0)
(2.15 0.099236 1.975)
(2.05 0.099236 1.975)
(1.95 0.099236 1.975)
(1.85 0.099236 1.975)
(1.75 0.099236 1.975)
(1.65 0.099236 1.975)
(1.55 0.099236 1.975)
(1.45 0.099236 1.975)
(1.35 0.099236 1.975)
(1.25 0.099236 1.975)
(1.15 0.099236 1.975)
(1.15 0.114131 1.975)
(1.15 0.130516 1.975)
(1.15 0.148539 1.975)
(1.15 0.168364 1.975)
(1.15 0.190172 1.975)
(1.15 0.21416 1.975)
(1.15 0.240547 1.975)
(1.15 0.269572 1.975)
(1.15 0.3015 1.975)
(-1.38778e-17 0.025 2.22045e-16)
(0 0.025 0)
(0 0.025 -1.11022e-16)
(-1.38778e-17 0.025 -1.11022e-16)
(-6.93889e-18 0.025 -1.11022e-16)
(-1.38778e-17 0.025 0)
(0 0.025 1.11022e-16)
(0 0.025 0)
(0 0.025 0)
(-1.38778e-17 0.025 1.11022e-16)
(0 0.025 0)
(-5.55112e-17 0.025 -1.11022e-16)
(0 0.025 -1.11022e-16)
(-5.55112e-17 0.025 1.11022e-16)
(-8.32667e-17 0.025 2.22045e-16)
(2.77556e-17 0.025 0)
(-5.55112e-17 0.025 0)
(-5.55112e-17 0.025 2.22045e-16)
(0 0.025 2.22045e-16)
(5.55112e-17 0.025 0)
(1.25 0.3015 1.975)
(1.35 0.3015 1.975)
(1.45 0.3015 1.975)
(1.55 0.3015 1.975)
(1.55 0.269572 1.975)
(1.55 0.240547 1.975)
(1.65 0.240547 1.975)
(1.75 0.240547 1.975)
(1.85 0.240547 1.975)
(1.95 0.240547 1.975)
(2.05 0.240547 1.975)
(2.15 0.240547 1.975)
(2.25 0.240547 1.975)
(2.35 0.240547 1.975)
(2.45 0.240547 1.975)
(2.55 0.240547 1.975)
(2.65 0.240547 1.975)
(2.75 0.240547 1.975)
(2.75 0.21416 1.975)
(2.75 0.190172 1.975)
(5.55112e-17 0.025 0)
(-1.11022e-16 0.025 0)
(-1.11022e-16 0.025 0)
(2.22045e-16 0.025 2.22045e-16)
(1.11022e-16 0.025 0)
(0 0.025 2.22045e-16)
(1.11022e-16 0.025 0)
(0 0.025 0)
(1.11022e-16 0.025 0)
(-1.11022e-16 0.025 -2.22045e-16)
(1.11022e-16 0.025 2.22045e-16)
(1.11022e-16 0.025 0)
(0 0.025 0)
(1.11022e-16 0.025 -2.22045e-16)
(-1.11022e-16 0.025 -2.22045e-16)
(0 0.025 4.44089e-16)
(0 0.025 0)
(-1.11022e-16 0.025 0)
(1.11022e-16 0.025 4.44089e-16)
(0 0.025 0)
(2.75 0.168364 1.975)
(2.75 0.148539 1.975)
(2.75 0.130516 1.975)
(2.75 0.114131 1.975)
(2.65 0.114131 1.975)
(2.55 0.114131 1.975)
(2.45 0.114131 1.975)
(2.35 0.114131 1.975)
(2.25 0.114131 1.975)
(2.15 0.114131 1.975)
(2.05 0.114131 1.975)
(1.95 0.114131 1.975)
(1.85 0.114131 1.975)
(1.75 0.114131 1.975)
(1.65 0.114131 1.975)
(1.55 0.114131 1.975)
(1.45 0.114131 1.975)
(1.35 0.114131 1.975)
(1.25 0.114131 1.975)
(1.25 0.130516 1.975)
(5.55112e-17 0.025 0)
(5.55112e-17 0.025 0)
(5.55112e-17 0.025 0)
(5.55112e-17 0.025 0)
(5.55112e-17 0.025 4.44089e-16)
(1.11022e-16 0.025 0)
(1.11022e-16 0.025 -4.44089e-16)
(0 0.025 0)
(5.55112e-17 0.025 0)
(1.11022e-16 0.025 -4.44089e-16)
(5.55112e-17 0.025 -4.44089e-16)
(-5.55112e-17 0.025 -4.44089e-16)
(0 0.025 4.44089e-16)
(0 0.025 -4.44089e-16)
(0 0.025 -4.44089e-16)
(-2.77556e-17 0.025 -4.44089e-16)
(0 0.025 0)
(0 0.025 0)
(0 0.025 -4.44089e-16)
(-2.77556e-17 0.025 0)
(1.25 0.148539 1.975)
(1.25 0.168364 1.975)
(1.25 0.190172 1.975)
(1.25 0.21416 1.975)
(1.25 0.240547 1.975)
(1.25 0.269572 1.975)
(1.35 0.269572 1.975)
(1.45 0.269572 1.975)
(1.45 0.240547 1.975)
(1.45 0.21416 1.975)
(1.55 0.21416 1.975)
(1.65 0.21416 1.975)
(1.75 0.21416 1.975)
(1.85 0.21416 1.975)
(1.95 0.21416 1.975)
(2.05 0.21416 1.975)
(2.15 0.21416 1.975)
(2.25 0.21416 1.975)
(2.35 0.21416 1.975)
(2.45 0.21416 1.975)
(-2.77556e-17 0.025 -4.44089e-16)
(0 0.025 0)
(2.77556e-17 0.025 -8.88178e-16)
(0 0.025 -8.88178e-16)
(-1.38778e-17 0.025 -4.44089e-16)
(0 0.025 -4.44089e-16)
(6.93889e-18 0.025 0)
(0 0.025 -4.44089e-16)
(-6.93889e-18 0.025 8.88178e-16)
(6.93889e-18 0.025 4.44089e-16)
(0 0.025 4.44089e-16)
(6.93889e-18 0.025 -8.88178e-16)
(-6.93889e-18 0.025 0)
(0 0.025 0)
(6.93889e-18 0.025 0)
(-6.93889e-18 0.025 0)
(6.93889e-18 0.025 0)
(1.38778e-17 0.025 0)
(0 0.025 -4.44089e-16)
(-6.93889e-18 0.025 0)
(2.55 0.21416 1.975)
(2.65 0.21416 1.975)
(2.65 0.190172 1.975)
(2.65 0.168364 1.975)
(2.65 0.148539 1.975)
(2.65 0.130516 1.975)
(2.55 0.130516 1.975)
(2.45 0.130516 1.975)
(2.35 0.130516 1.975)
(2.25 0.130516 1.975)
(2.15 0.130516 1.975)
(2.05 0.130516 1.975)
(1.95 0.130516 1.975)
(1.85 0.130516 1.975)
(1.75 0.130516 1.975)
(1.65 0.130516 1.975)
(1.55 0.130516 1.975)
(1.45 0.130516 1.975)
(1.35 0.130516 1.975)
(1.35 0.148539 1.975)
(0 0.025 0)
(-6.93889e-18 0.025 -2.22045e-16)
(0 0.025 4.44089e-16)
(0 0.025 -4.44089e-16)
(-1.38778e-17 0.025 0)
(6.93889e-18 0.025 2.22045e-16)
(-6.93889e-18 0.025 0)
(6.93889e-18 0.025 0)
(-6.93889e-18 0.025 0)
(-6.93889e-18 0.025 1.11022e-16)
(-1.38778e-17 0.025 -2.22045e-16)
(0 0.025 -2.22045e-16)
(-1.38778e-17 0.025 0)
(0 0.025 0)
(0 0.025 0)
(1.38778e-17 0.025 1.11022e-16)
(1.38778e-17 0.025 1.11022e-16)
(2.77556e-17 0.025 1.11022e-16)
(0 0.025 0)
(-2.77556e-17 0.025 0)
(1.35 0.168364 1.975)
(1.35 0.190172 1.975)
(1.35 0.21416 1.975)
(1.35 0.240547 1.975)
(1.45 0.190172 1.975)
(1.55 0.190172 1.975)
(1.65 0.190172 1.975)
(1.75 0.190172 1.975)
(1.85 0.190172 1.975)
(1.95 0.190172 1.975)
(2.05 0.190172 1.975)
(2.15 0.190172 1.975)
(2.25 0.190172 1.975)
(2.35 0.190172 1.975)
(2.45 0.190172 1.975)
(2.55 0.190172 1.975)
(2.55 0.168364 1.975)
(2.55 0.148539 1.975)
(2.45 0.148539 1.975)
(2.35 0.148539 1.975)
(2.77556e-17 0.025 -1.11022e-16)
(-2.77556e-17 0.025 -2.22045e-16)
(-8.32667e-17 0.025 -1.11022e-16)
(5.55112e-17 0.025 1.11022e-16)
(-5.55112e-17 0.025 -1.11022e-16)
(5.55112e-17 0.025 -1.11022e-16)
(0 0.025 0)
(0 0.025 0)
(-5.55112e-17 0.025 -2.22045e-16)
(-5.55112e-17 0.025 -2.22045e-16)
(-5.55112e-17 0.025 0)
(-5.55112e-17 0.025 2.22045e-16)
(0 0.025 0)
(-5.55112e-17 0.025 -2.22045e-16)
(-1.66533e-16 0.025 0)
(-5.55112e-17 0.025 0)
(0 0.025 0)
(-1.11022e-16 0.025 -4.44089e-16)
(-5.55112e-17 0.025 -4.44089e-16)
(-1.66533e-16 0.025 2.22045e-16)
(2.25 0.148539 1.975)
(2.15 0.148539 1.975)
(2.05 0.148539 1.975)
(1.95 0.148539 1.975)
(1.85 0.148539 1.975)
(1.75 0.148539 1.975)
(1.65 0.148539 1.975)
(1.55 0.148539 1.975)
(1.45 0.148539 1.975)
(1.45 0.168364 1.975)
(1.55 0.168364 1.975)
(1.65 0.168364 1.975)
(1.75 0.168364 1.975)
(1.85 0.168364 1.975)
(1.95 0.168364 1.975)
(2.05 0.168364 1.975)
(2.15 0.168364 1.975)
(2.25 0.168364 1.975)
(2.35 0.168364 1.975)
(2.45 0.168364 1.975)
(-5.55112e-17 0.025 0)
(5.55112e-17 0.025 2.22045e-16)
(0 0.025 0)
(0 0.025 4.44089e-16)
(0 0.025 0)
(5.55112e-17 0.025 4.44089e-16)
(5.55112e-17 0.025 4.44089e-16)
(0 0.025 -4.44089e-16)
(0 0.025 4.44089e-16)
(5.55112e-17 0.025 4.44089e-16)
(5.55112e-17 0.025 0)
(0 0.025 0)
(-5.55112e-17 0.025 -4.44089e-16)
(0 0.025 0)
(5.55112e-17 0.025 -4.44089e-16)
(0 0.025 0)
(5.55112e-17 0.025 -4.44089e-16)
(0 0.025 4.44089e-16)
(2.77556e-17 0.025 0)
(0 0.025 4.44089e-16)
(0 0 0)
(0 0 0)
(0 0 0)
(0 0 0)
(0 0 0)
(0 0 0)
(0 0 0)
(0 0 0)
(0 0 0)
(0 0 0)
(0 0 0)
(0 0 0)
(0 0 0)
(0 0 0)
(0 0 0)
(0 0 0)
(0 0 0)
(0 0 0)
(0 0 0)
(0 0 0)
(-2.77556e-17 0.025 0)
(2.77556e-17 0.025 4.44089e-16)
(2.77556e-17 0.025 8.88178e-16)
(0 0.025 0)
(1.38778e-17 0.025 -4.44089e-16)
(1.38778e-17 0.025 4.44089e-16)
(0 0.025 -4.44089e-16)
(1.38778e-17 0.025 8.88178e-16)
(2.08167e-17 0.025 0)
(6.93889e-18 0.025 0)
(0 0.025 8.88178e-16)
(2.08167e-17 0.025 -4.44089e-16)
(-6.93889e-18 0.025 8.88178e-16)
(2.08167e-17 0.025 0)
(0 0.025 4.44089e-16)
(6.93889e-18 0.025 0)
(6.93889e-18 0.025 0)
(0 0.025 4.44089e-16)
(6.93889e-18 0.025 4.44089e-16)
(6.93889e-18 0.025 0)
(0 0 0)
(0 0 0)
(0 0 0)
(0 0 0)
(0 0 0)
(0 0 0)
(0 0 0)
(0 0 0)
(0 0 0)
(0 0 0)
(0 0 0)
(0 0 0)
(0 0 0)
(0 0 0)
(0 0 0)
(0 0 0)
(0 0 0)
(0 0 0)
(0 0 0)
(0 0 0)
(-1.38778e-17 0.025 -4.44089e-16)
(-1.38778e-17 0.025 0)
(0 0.025 -2.22045e-16)
(-1.38778e-17 0.025 -2.22045e-16)
(0 0.025 0)
(0 0.025 0)
(-1.38778e-17 0.025 -2.22045e-16)
(-1.38778e-17 0.025 -2.22045e-16)
(-1.38778e-17 0.025 -2.22045e-16)
(-1.38778e-17 0.025 0)
(-1.38778e-17 0.025 0)
(0 0.025 0)
(0 0.025 0)
(-2.77556e-17 0.025 -1.11022e-16)
(-2.77556e-17 0.025 -2.22045e-16)
(1.38778e-17 0.025 -2.22045e-16)
(0 0.025 -1.11022e-16)
(-2.77556e-17 0.025 -1.11022e-16)
(-2.77556e-17 0.025 3.33067e-16)
(0 0.025 -1.11022e-16)
(0 0 0)
(0 0 0)
(0 0 0)
(0 0 0)
(0 0 0)
(0 0 0)
(0 0 0)
(0 0 0)
(0 0 0)
(0 0 0)
(0 0 0)
(0 0 0)
(0 0 0)
(0 0 0)
(0 0 0)
(0 0 0)
(0 0 0)
(0 0 0)
(0 0 0)
(0 0 0)
(-8.32667e-17 0.025 1.11022e-16)
(2.77556e-17 0.025 1.11022e-16)
(-5.55112e-17 0.025 0)
(5.55112e-17 0.025 1.11022e-16)
(0 0.025 2.22045e-16)
(5.55112e-17 0.025 -1.11022e-16)
(-1.11022e-16 0.025 0)
(-5.55112e-17 0.025 0)
(1.11022e-16 0.025 0)
(0 0.025 2.22045e-16)
(1.11022e-16 0.025 2.22045e-16)
(5.55112e-17 0.025 6.66134e-16)
(1.11022e-16 0.025 2.22045e-16)
(1.11022e-16 0.025 -4.44089e-16)
(0 0.025 -2.22045e-16)
(1.11022e-16 0.025 0)
(0 0.025 2.22045e-16)
(0 0.025 0)
(-5.55112e-17 0.025 4.44089e-16)
(0 0.025 0)
(0 0 0)
(0 0 0)
(0 0 0)
(0 0 0)
(0 0 0)
(0 0 0)
(0 0 0)
(0 0 0)
(0 0 0)
(0 0 0)
(0 0 0)
(0 0 0)
(0 0 0)
(0 0 0)
(0 0 0)
(0 0 0)
(0 0 0)
(0 0 0)
(0 0 0)
(0 0 0)
(5.55112e-17 0.025 0)
(5.55112e-17 0.025 0)
(5.55112e-17 0.025 0)
(5.55112e-17 0.025 4.44089e-16)
(1.11022e-16 0.025 4.44089e-16)
(5.55112e-17 0.025 0)
(5.55112e-17 0.025 4.44089e-16)
(5.55112e-17 0.025 0)
(0 0.025 -4.44089e-16)
(5.55112e-17 0.025 0)
(5.55112e-17 0.025 -4.44089e-16)
(0 0.025 -4.44089e-16)
(0 0.025 -8.88178e-16)
(0 0.025 0)
(5.55112e-17 0.025 0)
(5.55112e-17 0.025 4.44089e-16)
(2.77556e-17 0.025 -4.44089e-16)
(-2.77556e-17 0.025 4.44089e-16)
(2.77556e-17 0.025 0)
(-1.38778e-17 0.025 0)
(0 0 0)
(0 0 0)
(0 0 0)
(0 0 0)
(0 0 0)
(0 0 0)
(0 0 0)
(0 0 0)
(0 0 0)
(0 0 0)
(0 0 0)
(0 0 0)
(0 0 0)
(0 0 0)
(0 0 0)
(0 0 0)
(0 0 0)
(0 0 0)
(0 0 0)
(0 0 0)
(1.38778e-17 0.025 -4.44089e-16)
(0 0.025 0)
(0 0.025 8.88178e-16)
(0 0.025 0)
(0 0.025 4.44089e-16)
(-1.38778e-17 0.025 4.44089e-16)
(0 0.025 0)
(0 0.025 4.44089e-16)
(0 0.025 0)
(0 0.025 -4.44089e-16)
(-2.77556e-17 0.025 -4.44089e-16)
(0 0.025 0)
(0 0.025 2.22045e-16)
(0 0.025 0)
(1.38778e-17 0.025 2.22045e-16)
(0 0.025 2.22045e-16)
(0 0.025 0)
(0 0.025 -2.22045e-16)
(0 0.025 4.44089e-16)
(-1.38778e-17 0.025 2.22045e-16)
(0 0 0)
(0 0 0)
(0 0 0)
(0 0 0)
(0 0 0)
(0 0 0)
(0 0 0)
(0 0 0)
(0 0 0)
(0 0 0)
(0 0 0)
(0 0 0)
(0 0 0)
(0 0 0)
(0 0 0)
(0 0 0)
(0 0 0)
(0 0 0)
(0 0 0)
(0 0 0)
(0 0.025 -2.22045e-16)
(-1.38778e-17 0.025 0)
(0 0.025 1.11022e-16)
(-1.38778e-17 0.025 -1.11022e-16)
(-1.38778e-17 0.025 0)
(0 0.025 -1.11022e-16)
(-1.38778e-17 0.025 0)
(0 0.025 0)
(-5.55112e-17 0.025 -1.11022e-16)
(-2.77556e-17 0.025 -3.33067e-16)
(-5.55112e-17 0.025 -1.11022e-16)
(-5.55112e-17 0.025 -1.11022e-16)
(-2.77556e-17 0.025 -2.22045e-16)
(0 0.025 -2.22045e-16)
(-5.55112e-17 0.025 2.22045e-16)
(5.55112e-17 0.025 1.11022e-16)
(5.55112e-17 0.025 2.22045e-16)
(0 0.025 0)
(0 0.025 2.22045e-16)
(0 0.025 0)
(0 0 0)
(0 0 0)
(0 0 0)
(0 0 0)
(0 0 0)
(0 0 0)
(0 0 0)
(0 0 0)
(0 0 0)
(0 0 0)
(0 0 0)
(0 0 0)
(0 0 0)
(0 0 0)
(0 0 0)
(0 0 0)
(0 0 0)
(0 0 0)
(0 0 0)
(0 0 0)
(0 0.025 -2.22045e-16)
(0 0.025 2.22045e-16)
(5.55112e-17 0.025 0)
(0 0.025 4.44089e-16)
(5.55112e-17 0.025 0)
(5.55112e-17 0.025 4.44089e-16)
(0 0.025 0)
(-5.55112e-17 0.025 2.22045e-16)
(-1.11022e-16 0.025 0)
(0 0.025 0)
(0 0.025 0)
(5.55112e-17 0.025 -4.44089e-16)
(0 0.025 4.44089e-16)
(5.55112e-17 0.025 -8.88178e-16)
(0 0.025 0)
(0 0.025 0)
(5.55112e-17 0.025 -4.44089e-16)
(0 0.025 8.88178e-16)
(5.55112e-17 0.025 4.44089e-16)
(0 0.025 4.44089e-16)
(0 0 0)
(0 0 0)
(0 0 0)
(0 0 0)
(0 0 0)
(0 0 0)
(0 0 0)
(0 0 0)
(0 0 0)
(0 0 0)
(0 0 0)
(0 0 0)
(0 0 0)
(0 0 0)
(0 0 0)
(0 0 0)
(0 0 0)
(0 0 0)
(0 0 0)
(0 0 0)
(0 0.025 0)
(2.77556e-17 0.025 -4.44089e-16)
(-8.32667e-17 0.025 0)
(0 0.025 0)
(0 0.025 4.44089e-16)
(0 0.025 4.44089e-16)
(1.38778e-17 0.025 0)
(0 0.025 0)
(0 0.025 0)
(1.38778e-17 0.025 0)
(0 0.025 4.44089e-16)
(1.38778e-17 0.025 -4.44089e-16)
(1.38778e-17 0.025 0)
(0 0.025 4.44089e-16)
(1.38778e-17 0.025 0)
(1.38778e-17 0.025 0)
(1.38778e-17 0.025 0)
(1.38778e-17 0.025 0)
(0 0.025 -4.44089e-16)
(1.38778e-17 0.025 0)
(0 0 0)
(0 0 0)
(0 0 0)
(0 0 0)
(0 0 0)
(0 0 0)
(0 0 0)
(0 0 0)
(0 0 0)
(0 0 0)
(0 0 0)
(0 0 0)
(0 0 0)
(0 0 0)
(0 0 0)
(0 0 0)
(0 0 0)
(0 0 0)
(0 0 0)
(0 0 0)
(0 0.025 0)
(1.38778e-17 0.025 0)
(0 0.025 -2.22045e-16)
(0 0.025 -4.44089e-16)
(0 0.025 2.22045e-16)
(0 0.025 -2.22045e-16)
(0 0.025 0)
(0 0.025 -2.22045e-16)
(1.38778e-17 0.025 0)
(-1.38778e-17 0.025 2.22045e-16)
(5.55112e-17 0.025 0)
(0 0.025 0)
(-2.77556e-17 0.025 0)
(-2.77556e-17 0.025 0)
(-2.77556e-17 0.025 0)
(-1.11022e-16 0.025 0)
(0 0.025 -2.22045e-16)
(-1.11022e-16 0.025 2.22045e-16)
(5.55112e-17 0.025 2.22045e-16)
(5.55112e-17 0.025 0)
(0 0 0)
(0 0 0)
(0 0 0)
(0 0 0)
(0 0 0)
(0 0 0)
(0 0 0)
(0 0 0)
(0 0 0)
(0 0 0)
(0 0 0)
(0 0 0)
(0 0 0)
(0 0 0)
(0 0 0)
(0 0 0)
(0 0 0)
(0 0 0)
(0 0 0)
(0 0 0)
(0 0.025 0)
(-5.55112e-17 0.025 -2.22045e-16)
(5.55112e-17 0.025 6.66134e-16)
(1.11022e-16 0.025 2.22045e-16)
(-5.55112e-17 0.025 0)
(0 0.025 2.22045e-16)
(-5.55112e-17 0.025 0)
(0 0.025 -2.22045e-16)
(0 0.025 0)
(0 0.025 4.44089e-16)
(5.55112e-17 0.025 0)
(-5.55112e-17 0.025 4.44089e-16)
(0 0.025 0)
(-5.55112e-17 0.025 0)
(0 0.025 4.44089e-16)
(0 0.025 -4.44089e-16)
(0 0.025 -4.44089e-16)
(0 0.025 4.44089e-16)
(5.55112e-17 0.025 4.44089e-16)
(2.77556e-17 0.025 -4.44089e-16)
(0 0 0)
(0 0 0)
(0 0 0)
(0 0 0)
(0 0 0)
(0 0 0)
(0 0 0)
(0 0 0)
(0 0 0)
(0 0 0)
(0 0 0)
(0 0 0)
(0 0 0)
(0 0 0)
(0 0 0)
(0 0 0)
(0 0 0)
(0 0 0)
(0 0 0)
(0 0 0)
(0 0.025 0)
(-2.77556e-17 0.025 4.44089e-16)
(0 0.025 0)
(0 0.025 4.44089e-16)
(0 0.025 0)
(-1.38778e-17 0.025 0)
(-1.38778e-17 0.025 4.44089e-16)
(2.77556e-17 0.025 -4.44089e-16)
(1.38778e-17 0.025 0)
(1.38778e-17 0.025 0)
(0 0.025 0)
(1.38778e-17 0.025 4.44089e-16)
(4.16334e-17 0.025 0)
(1.38778e-17 0.025 0)
(1.38778e-17 0.025 0)
(0 0.025 -2.22045e-16)
(1.38778e-17 0.025 -2.22045e-16)
(0 0.025 -2.22045e-16)
(1.38778e-17 0.025 -2.22045e-16)
(-1.38778e-17 0.025 -2.22045e-16)
(0 0 0)
(0 0 0)
(0 0 0)
(0 0 0)
(0 0 0)
(0 0 0)
(0 0 0)
(0 0 0)
(0 0 0)
(0 0 0)
(0 0 0)
(0 0 0)
(0 0 0)
(0 0 0)
(0 0 0)
(0 0 0)
(0 0 0)
(0 0 0)
(0 0 0)
(0 0 0)
(0 0.025 -2.22045e-16)
(0 0.025 -2.22045e-16)
(0 0.025 -2.22045e-16)
(0 0.025 -2.22045e-16)
(1.38778e-17 0.025 -2.22045e-16)
(-2.77556e-17 0.025 0)
(0 0.025 -2.22045e-16)
(0 0.025 -2.22045e-16)
(-2.77556e-17 0.025 0)
(0 0.025 0)
(2.77556e-17 0.025 0)
(0 0.025 2.22045e-16)
(0 0.025 4.44089e-16)
(0 0.025 4.44089e-16)
(0 0.025 -2.22045e-16)
(-5.55112e-17 0.025 2.22045e-16)
(5.55112e-17 0.025 -2.22045e-16)
(0 0.025 -2.22045e-16)
(0 0.025 -2.22045e-16)
(-8.32667e-17 0.025 0)
(0 0 0)
(0 0 0)
(0 0 0)
(0 0 0)
(0 0 0)
(0 0 0)
(0 0 0)
(0 0 0)
(0 0 0)
(0 0 0)
(0 0 0)
(0 0 0)
(0 0 0)
(0 0 0)
(0 0 0)
(0 0 0)
(0 0 0)
(0 0 0)
(0 0 0)
(0 0 0)
(-2.77556e-17 0.025 -2.22045e-16)
(-2.77556e-17 0.025 -2.22045e-16)
(-1.11022e-16 0.025 4.44089e-16)
(-2.77556e-17 0.025 4.44089e-16)
(5.55112e-17 0.025 -4.44089e-16)
(0 0.025 8.88178e-16)
(5.55112e-17 0.025 0)
(5.55112e-17 0.025 -4.44089e-16)
(-5.55112e-17 0.025 0)
(2.77556e-17 0.025 4.44089e-16)
(0 0.025 0)
(0 0.025 4.44089e-16)
(5.55112e-17 0.025 0)
(0 0.025 4.44089e-16)
(2.77556e-17 0.025 -4.44089e-16)
(0 0.025 0)
(0 0.025 0)
(1.38778e-17 0.025 0)
(1.38778e-17 0.025 4.44089e-16)
(1.38778e-17 0.025 4.44089e-16)
(0 0 0)
(0 0 0)
(0 0 0)
(0 0 0)
(0 0 0)
(0 0 0)
(0 0 0)
(0 0 0)
(0 0 0)
(0 0 0)
(0 0 0)
(0 0 0)
(0 0 0)
(0 0 0)
(0 0 0)
(0 0 0)
(0 0 0)
(0 0 0)
(0 0 0)
(0 0 0)
(0 0.025 0)
(1.38778e-17 0.025 4.44089e-16)
(1.38778e-17 0.025 -4.44089e-16)
(1.38778e-17 0.025 2.22045e-16)
(1.38778e-17 0.025 0)
(0 0.025 0)
(1.38778e-17 0.025 -2.22045e-16)
(0 0.025 0)
(1.38778e-17 0.025 -2.22045e-16)
(0 0.025 4.44089e-16)
(4.16334e-17 0.025 4.44089e-16)
(1.38778e-17 0.025 2.22045e-16)
(5.55112e-17 0.025 0)
(0 0.025 0)
(-2.77556e-17 0.025 2.22045e-16)
(0 0.025 2.22045e-16)
(0 0.025 -2.22045e-16)
(-2.77556e-17 0.025 0)
(0 0.025 -2.22045e-16)
(-5.55112e-17 0.025 -2.22045e-16)
(0 0 0)
(0 0 0)
(0 0 0)
(0 0 0)
(0 0 0)
(0 0 0)
(0 0 0)
(0 0 0)
(0 0 0)
(0 0 0)
(0 0 0)
(0 0 0)
(0 0 0)
(0 0 0)
(0 0 0)
(0 0 0)
(0 0 0)
(0 0 0)
(0 0 0)
(0 0 0)
(-5.55112e-17 0.025 0)
(-8.32667e-17 0.025 2.22045e-16)
(0 0.025 0)
(2.77556e-17 0.025 2.22045e-16)
(-2.77556e-17 0.025 0)
(-2.77556e-17 0.025 4.44089e-16)
(0 0.025 6.66134e-16)
(0 0.025 4.44089e-16)
(2.77556e-17 0.025 -4.44089e-16)
(2.77556e-17 0.025 -4.44089e-16)
(0 0.025 4.44089e-16)
(0 0.025 4.44089e-16)
(0 0.025 -4.44089e-16)
(2.77556e-17 0.025 4.44089e-16)
(5.55112e-17 0.025 -4.44089e-16)
(-2.77556e-17 0.025 4.44089e-16)
(0 0.025 -4.44089e-16)
(2.77556e-17 0.025 -4.44089e-16)
(0 0.025 0)
(0 0.025 4.44089e-16)
(0 0 0)
(0 0 0)
(0 0 0)
(0 0 0)
(0 0 0)
(0 0 0)
(0 0 0)
(0 0 0)
(0 0 0)
(0 0 0)
(0 0 0)
(0 0 0)
(0 0 0)
(0 0 0)
(0 0 0)
(0 0 0)
(0 0 0)
(0 0 0)
(0 0 0)
(0 0 0)
)
;
    }
    topWall
    {
        type            calculated;
        value           nonuniform List<vector> 
1600
(
(6.95025e-310 4.65557e-310 0)
(0 2.22045e-16 0.025)
(0 0 0.025)
(4.44089e-16 0 0.025)
(-4.44089e-16 0 0.025)
(4.44089e-16 2.22045e-16 0.025)
(0 0 0.025)
(0 0 0.025)
(0 0 0.025)
(0 0 0.025)
(0 2.22045e-16 0.025)
(0 0 0.025)
(0 0 0.025)
(-2.22045e-16 2.22045e-16 0.025)
(0 0 0.025)
(0 2.22045e-16 0.025)
(0 -2.22045e-16 0.025)
(-2.22045e-16 0 0.025)
(-2.22045e-16 2.22045e-16 0.025)
(0 -2.22045e-16 0.025)
(6.90624e-310 6.90624e-310 4.67205e-310)
(4.67205e-310 0.001 0)
(0 0 0.001)
(0.001 0 0)
(0 0.001 0)
(0 0 0.001)
(0.001 0 0)
(0 0.001 0)
(0 0 0.001)
(0.001 0 0)
(0 0.001 0)
(0 0 0.001)
(0.001 0 0)
(0 0.001 0)
(0 0 0.001)
(0.001 0 0)
(0 0.001 0)
(0 0 0.001)
(0.001 0 0)
(0 0.001 0)
(0 2.22045e-16 0.025)
(0 0 0.025)
(2.22045e-16 2.22045e-16 0.025)
(1.11022e-16 -2.22045e-16 0.025)
(1.11022e-16 2.22045e-16 0.025)
(0 0 0.025)
(0 2.22045e-16 0.025)
(1.11022e-16 -2.22045e-16 0.025)
(1.11022e-16 0 0.025)
(5.55112e-17 2.22045e-16 0.025)
(0 0 0.025)
(-5.55112e-17 0 0.025)
(-6.93889e-18 2.22045e-16 0.025)
(-1.38778e-17 -2.22045e-16 0.025)
(0 0 0.025)
(-6.93889e-18 0 0.025)
(-6.93889e-18 -2.22045e-16 0.025)
(1.38778e-17 0 0.025)
(-6.93889e-18 0 0.025)
(0 0 0.025)
(0 0 0.001)
(0.001 0 0)
(0 0.001 0)
(0 0 0.001)
(0.001 0 0)
(0 0.001 0)
(0 0 0.001)
(0.001 0 0)
(0 0.001 0)
(0 0 0.001)
(0.001 0 0)
(0 0.001 0)
(0 0 0.001)
(0.001 0 0)
(0 0.001 0)
(0 0 0.001)
(0.001 0 0)
(0 0.001 0)
(0 0 0.001)
(0.001 0 0)
(-6.93889e-18 -2.22045e-16 0.025)
(6.93889e-18 0 0.025)
(-6.93889e-18 0 0.025)
(-6.93889e-18 0 0.025)
(0 0 0.025)
(0 4.44089e-16 0.025)
(6.93889e-18 0 0.025)
(-1.38778e-17 -4.44089e-16 0.025)
(0 0 0.025)
(0 -4.44089e-16 0.025)
(-1.38778e-17 0 0.025)
(6.93889e-18 -2.22045e-16 0.025)
(0 4.44089e-16 0.025)
(-6.93889e-18 -2.22045e-16 0.025)
(0 2.22045e-16 0.025)
(-6.93889e-18 -2.22045e-16 0.025)
(0 -4.44089e-16 0.025)
(0 -4.44089e-16 0.025)
(-6.93889e-18 -2.22045e-16 0.025)
(0 0 0.025)
(0 0.001 0)
(0 0 0.001)
(0.001 0 0)
(0 0.001 0)
(0 0 0.001)
(0.001 0 0)
(0 0.001 0)
(0 0 0.001)
(0.001 0 0)
(0 0.001 0)
(0 0 0.001)
(0.001 0 0)
(0 0.001 0)
(0 0 0.001)
(0.001 0 0)
(0 0.001 0)
(0 0 0.001)
(0.001 0 0)
(0 0.001 0)
(0 0 0.001)
(-6.93889e-18 -4.44089e-16 0.025)
(-6.93889e-18 2.22045e-16 0.025)
(6.93889e-18 2.22045e-16 0.025)
(0 4.44089e-16 0.025)
(-2.77556e-17 2.22045e-16 0.025)
(0 6.66134e-16 0.025)
(5.55112e-17 2.22045e-16 0.025)
(1.11022e-16 6.66134e-16 0.025)
(1.11022e-16 2.22045e-16 0.025)
(1.11022e-16 -2.22045e-16 0.025)
(0 -2.22045e-16 0.025)
(1.11022e-16 0 0.025)
(-1.11022e-16 -2.22045e-16 0.025)
(2.22045e-16 -2.22045e-16 0.025)
(2.22045e-16 -2.22045e-16 0.025)
(0 -2.22045e-16 0.025)
(4.44089e-16 -2.22045e-16 0.025)
(-2.22045e-16 -2.22045e-16 0.025)
(0 2.22045e-16 0.025)
(2.22045e-16 -2.22045e-16 0.025)
(0.001 0 0)
(0 0.001 0)
(0 0 0.001)
(0.001 0 0)
(0 0.001 0)
(0 0 0.001)
(0.001 0 0)
(0 0.001 0)
(0 0 0.001)
(0.001 0 0)
(0 0.001 0)
(0 0 0.001)
(0.001 0 0)
(0 0.001 0)
(0 0 0.001)
(0.001 0 0)
(0 0.001 0)
(0 0 0.001)
(0.001 0 0)
(0 0.001 0)
(0 -2.22045e-16 0.025)
(2.22045e-16 2.22045e-16 0.025)
(-6.66134e-16 -2.22045e-16 0.025)
(4.44089e-16 2.22045e-16 0.025)
(0 2.22045e-16 0.025)
(0 2.22045e-16 0.025)
(4.44089e-16 2.22045e-16 0.025)
(8.88178e-16 2.22045e-16 0.025)
(-4.44089e-16 2.22045e-16 0.025)
(4.44089e-16 2.22045e-16 0.025)
(4.44089e-16 0 0.025)
(4.44089e-16 2.22045e-16 0.025)
(-4.44089e-16 2.22045e-16 0.025)
(-4.44089e-16 2.22045e-16 0.025)
(4.44089e-16 2.22045e-16 0.025)
(-4.44089e-16 0 0.025)
(0 -2.22045e-16 0.025)
(1.33227e-15 2.22045e-16 0.025)
(-4.44089e-16 2.22045e-16 0.025)
(-4.44089e-16 2.22045e-16 0.025)
(0 0 0.001)
(0.001 0 0)
(0 0.001 0)
(0 0 0.001)
(0.001 0 0)
(0 0.001 0)
(0 0 0.001)
(0.001 0 0)
(0 0.001 0)
(0 0 0.001)
(0.001 0 0)
(0 0.001 0)
(0 0 0.001)
(0.001 0 0)
(0 0.001 0)
(0 0 0.001)
(0.001 0 0)
(0 0.001 0)
(0 0 0.001)
(0.001 0 0)
(0 0 0.025)
(4.44089e-16 2.22045e-16 0.025)
(0 2.22045e-16 0.025)
(4.44089e-16 0 0.025)
(4.44089e-16 4.44089e-16 0.025)
(0 0 0.025)
(-4.44089e-16 2.22045e-16 0.025)
(-4.44089e-16 -2.22045e-16 0.025)
(0 4.44089e-16 0.025)
(0 0 0.025)
(-8.88178e-16 -2.22045e-16 0.025)
(-4.44089e-16 -4.44089e-16 0.025)
(0 4.44089e-16 0.025)
(1.77636e-15 4.44089e-16 0.025)
(4.44089e-16 0 0.025)
(-8.88178e-16 -2.22045e-16 0.025)
(4.44089e-16 2.22045e-16 0.025)
(-4.44089e-16 -2.22045e-16 0.025)
(-4.44089e-16 -4.44089e-16 0.025)
(-4.44089e-16 -2.22045e-16 0.025)
(0 0.001 0)
(0 0 0.001)
(0.001 0 0)
(0 0.001 0)
(0 0 0.001)
(0.001 0 0)
(0 0.001 0)
(0 0 0.001)
(0.001 0 0)
(0 0.001 0)
(0 0 0.001)
(0.001 0 0)
(0 0.001 0)
(0 0 0.001)
(0.001 0 0)
(0 0.001 0)
(0 0 0.001)
(0.001 0 0)
(0 0.001 0)
(0 0 0.001)
(-4.44089e-16 4.44089e-16 0.025)
(0 0 0.025)
(0 2.22045e-16 0.025)
(-4.44089e-16 -2.22045e-16 0.025)
(-8.88178e-16 0 0.025)
(0 0 0.025)
(-4.44089e-16 2.22045e-16 0.025)
(0 2.22045e-16 0.025)
(4.44089e-16 0 0.025)
(4.44089e-16 0 0.025)
(-4.44089e-16 2.22045e-16 0.025)
(4.44089e-16 0 0.025)
(-4.44089e-16 4.44089e-16 0.025)
(4.44089e-16 0 0.025)
(0 0 0.025)
(0 2.22045e-16 0.025)
(4.44089e-16 2.22045e-16 0.025)
(4.44089e-16 0 0.025)
(-4.44089e-16 0 0.025)
(0 0 0.025)
(0.001 0 0)
(0 0.001 0)
(0 0 0.001)
(0.001 0 0)
(0 0.001 0)
(0 0 0.001)
(0.001 0 0)
(0 0.001 0)
(0 0 0.001)
(0.001 0 0)
(0 0.001 0)
(0 0 0.001)
(0.001 0 0)
(0 0.001 0)
(0 0 0.001)
(0.001 0 0)
(0 0.001 0)
(0 0 0.001)
(0.001 0 0)
(0 0.001 0)
(0 0 0.025)
(4.44089e-16 2.22045e-16 0.025)
(-4.44089e-16 0 0.025)
(-8.88178e-16 0 0.025)
(0 2.22045e-16 0.025)
(-8.88178e-16 2.22045e-16 0.025)
(1.33227e-15 2.22045e-16 0.025)
(0 2.22045e-16 0.025)
(-4.44089e-16 2.22045e-16 0.025)
(4.44089e-16 0 0.025)
(4.44089e-16 0 0.025)
(0 2.22045e-16 0.025)
(-4.44089e-16 0 0.025)
(0 0 0.025)
(0 2.22045e-16 0.025)
(0 -2.22045e-16 0.025)
(-6.66134e-16 0 0.025)
(0 -2.22045e-16 0.025)
(2.22045e-16 2.22045e-16 0.025)
(0 4.44089e-16 0.025)
(0 0 0.001)
(0.001 0 0)
(0 0.001 0)
(0 0 0.001)
(0.001 0 0)
(0 0.001 0)
(0 0 0.001)
(0.001 0 0)
(0 0.001 0)
(0 0 0.001)
(0.001 0 0)
(0 0.001 0)
(0 0 0.001)
(0.001 0 0)
(0 0.001 0)
(0 0 0.001)
(0.001 0 0)
(0 0.001 0)
(0 0 0.001)
(0.001 0 0)
(0 0 0.025)
(0 0 0.025)
(0 2.22045e-16 0.025)
(0 0 0.025)
(-4.44089e-16 -2.22045e-16 0.025)
(-2.22045e-16 -2.22045e-16 0.025)
(2.22045e-16 0 0.025)
(-1.11022e-16 -2.22045e-16 0.025)
(-1.11022e-16 -2.22045e-16 0.025)
(0 -2.22045e-16 0.025)
(0 0 0.025)
(0 2.22045e-16 0.025)
(-2.77556e-17 -2.22045e-16 0.025)
(0 0 0.025)
(0 -2.22045e-16 0.025)
(2.77556e-17 2.22045e-16 0.025)
(-2.77556e-17 0 0.025)
(0 -2.22045e-16 0.025)
(0 -2.22045e-16 0.025)
(-2.77556e-17 2.22045e-16 0.025)
(0 0.001 0)
(0 0 0.001)
(0.001 0 0)
(0 0.001 0)
(0 0 0.001)
(0.001 0 0)
(0 0.001 0)
(0 0 0.001)
(0.001 0 0)
(0 0.001 0)
(0 0 0.001)
(0.001 0 0)
(0 0.001 0)
(0 0 0.001)
(0.001 0 0)
(0 0.001 0)
(0 0 0.001)
(0.001 0 0)
(0 0.001 0)
(0 0 0.001)
(0 0 0.025)
(0 2.22045e-16 0.025)
(0 0 0.025)
(0 2.22045e-16 0.025)
(0 0 0.025)
(2.77556e-17 0 0.025)
(-2.77556e-17 2.22045e-16 0.025)
(0 -4.44089e-16 0.025)
(0 -2.22045e-16 0.025)
(0 4.44089e-16 0.025)
(0 2.22045e-16 0.025)
(0 2.22045e-16 0.025)
(-2.77556e-17 -2.22045e-16 0.025)
(0 0 0.025)
(2.77556e-17 -2.22045e-16 0.025)
(-2.77556e-17 -4.44089e-16 0.025)
(2.77556e-17 2.22045e-16 0.025)
(0 4.44089e-16 0.025)
(0 -2.22045e-16 0.025)
(0 -4.44089e-16 0.025)
(0.001 0 0)
(0 0.001 0)
(0 0 0.001)
(0.001 0 0)
(0 0.001 0)
(0 0 0.001)
(0.001 0 0)
(0 0.001 0)
(0 0 0.001)
(0.001 0 0)
(0 0.001 0)
(0 0 0.001)
(0.001 0 0)
(0 0.001 0)
(0 0 0.001)
(0.001 0 0)
(0 0.001 0)
(0 0 0.001)
(0.001 0 0)
(0 0.001 0)
(0 0 0.025)
(0 -4.44089e-16 0.025)
(-5.55112e-17 -2.22045e-16 0.025)
(0 4.44089e-16 0.025)
(-5.55112e-17 2.22045e-16 0.025)
(-1.11022e-16 2.22045e-16 0.025)
(-1.11022e-16 4.44089e-16 0.025)
(-1.11022e-16 -2.22045e-16 0.025)
(0 2.22045e-16 0.025)
(-2.22045e-16 2.22045e-16 0.025)
(0 -2.22045e-16 0.025)
(0 -4.44089e-16 0.025)
(2.22045e-16 -2.22045e-16 0.025)
(-4.44089e-16 -6.66134e-16 0.025)
(-2.22045e-16 -4.44089e-16 0.025)
(2.22045e-16 -4.44089e-16 0.025)
(0 -4.44089e-16 0.025)
(-2.22045e-16 -4.44089e-16 0.025)
(-2.22045e-16 -6.66134e-16 0.025)
(-2.22045e-16 -4.44089e-16 0.025)
(0 0 0.001)
(0.001 0 0)
(0 0.001 0)
(0 0 0.001)
(0.001 0 0)
(0 0.001 0)
(0 0 0.001)
(0.001 0 0)
(0 0.001 0)
(0 0 0.001)
(0.001 0 0)
(0 0.001 0)
(0 0 0.001)
(0.001 0 0)
(0 0.001 0)
(0 0 0.001)
(0.001 0 0)
(0 0.001 0)
(0 0 0.001)
(0.001 0 0)
(0 0 0.025)
(0 0 0.025)
(-4.44089e-16 -4.44089e-16 0.025)
(0 0 0.025)
(-4.44089e-16 0 0.025)
(-4.44089e-16 0 0.025)
(4.44089e-16 0 0.025)
(-4.44089e-16 0 0.025)
(4.44089e-16 0 0.025)
(8.88178e-16 0 0.025)
(0 0 0.025)
(4.44089e-16 0 0.025)
(4.44089e-16 2.22045e-16 0.025)
(4.44089e-16 0 0.025)
(0 0 0.025)
(4.44089e-16 0 0.025)
(4.44089e-16 0 0.025)
(8.88178e-16 0 0.025)
(4.44089e-16 0 0.025)
(-4.44089e-16 2.22045e-16 0.025)
(0 0.001 0)
(0 0 0.001)
(0.001 0 0)
(0 0.001 0)
(0 0 0.001)
(0.001 0 0)
(0 0.001 0)
(0 0 0.001)
(0.001 0 0)
(0 0.001 0)
(0 0 0.001)
(0.001 0 0)
(0 0.001 0)
(0 0 0.001)
(0.001 0 0)
(0 0.001 0)
(0 0 0.001)
(0.001 0 0)
(0 0.001 0)
(0 0 0.001)
(-4.44089e-16 0 0.025)
(8.88178e-16 4.44089e-16 0.025)
(0 2.22045e-16 0.025)
(8.88178e-16 6.66134e-16 0.025)
(-8.88178e-16 0 0.025)
(0 0 0.025)
(0 0 0.025)
(4.44089e-16 4.44089e-16 0.025)
(2.22045e-15 4.44089e-16 0.025)
(4.44089e-16 2.22045e-16 0.025)
(8.88178e-16 2.22045e-16 0.025)
(4.44089e-16 -2.22045e-16 0.025)
(-4.44089e-16 -2.22045e-16 0.025)
(0 -4.44089e-16 0.025)
(4.44089e-16 2.22045e-16 0.025)
(8.88178e-16 4.44089e-16 0.025)
(-4.44089e-16 2.22045e-16 0.025)
(-4.44089e-16 0 0.025)
(0 0 0.025)
(0 0 0.025)
(0.001 0 0)
(0 0.001 0)
(0 0 0.001)
(0.001 0 0)
(0 0.001 0)
(0 0 0.001)
(0.001 0 0)
(0 0.001 0)
(0 0 0.001)
(0.001 0 0)
(0 0.001 0)
(0 0 0.001)
(0.001 0 0)
(0 0.001 0)
(0 0 0.001)
(0.001 0 0)
(0 0.001 0)
(0 0 0.001)
(0.001 0 0)
(0 0.001 0)
(4.44089e-16 0 0.025)
(0 6.66134e-16 0.025)
(4.44089e-16 2.22045e-16 0.025)
(8.88178e-16 2.22045e-16 0.025)
(4.44089e-16 -2.22045e-16 0.025)
(8.88178e-16 2.22045e-16 0.025)
(8.88178e-16 0 0.025)
(-4.44089e-16 2.22045e-16 0.025)
(1.33227e-15 2.22045e-16 0.025)
(-4.44089e-16 2.22045e-16 0.025)
(8.88178e-16 4.44089e-16 0.025)
(8.88178e-16 2.22045e-16 0.025)
(-4.44089e-16 0 0.025)
(-4.44089e-16 0 0.025)
(-4.44089e-16 -2.22045e-16 0.025)
(0 0 0.025)
(-4.44089e-16 0 0.025)
(0 0 0.025)
(8.88178e-16 -2.22045e-16 0.025)
(4.44089e-16 0 0.025)
(0 0 0.001)
(0.001 0 0)
(0 0.001 0)
(0 0 0.001)
(0.001 0 0)
(0 0.001 0)
(0 0 0.001)
(0.001 0 0)
(0 0.001 0)
(0 0 0.001)
(0.001 0 0)
(0 0.001 0)
(0 0 0.001)
(0.001 0 0)
(0 0.001 0)
(0 0 0.001)
(0.001 0 0)
(0 0.001 0)
(0 0 0.001)
(0.001 0 0)
(0 0 0.025)
(0 0 0.025)
(4.44089e-16 2.22045e-16 0.025)
(0 0 0.025)
(0 0 0.025)
(0 0 0.025)
(-4.44089e-16 0 0.025)
(2.22045e-16 0 0.025)
(-2.22045e-16 0 0.025)
(0 -2.22045e-16 0.025)
(0 2.22045e-16 0.025)
(0 0 0.025)
(0 2.22045e-16 0.025)
(0 -2.22045e-16 0.025)
(0 -2.22045e-16 0.025)
(0 -2.22045e-16 0.025)
(0 0 0.025)
(0 0 0.025)
(1.11022e-16 2.22045e-16 0.025)
(1.11022e-16 -2.22045e-16 0.025)
(0 0.001 0)
(0 0 0.001)
(0.001 0 0)
(0 0.001 0)
(0 0 0.001)
(0.001 0 0)
(0 0.001 0)
(0 0 0.001)
(0.001 0 0)
(0 0.001 0)
(0 0 0.001)
(0.001 0 0)
(0 0.001 0)
(0 0 0.001)
(0.001 0 0)
(0 0.001 0)
(0 0 0.001)
(0.001 0 0)
(0 0.001 0)
(0 0 0.001)
(1.11022e-16 0 0.025)
(0 2.22045e-16 0.025)
(1.11022e-16 4.44089e-16 0.025)
(0 -4.44089e-16 0.025)
(5.55112e-17 2.22045e-16 0.025)
(2.77556e-17 2.22045e-16 0.025)
(-8.32667e-17 -4.44089e-16 0.025)
(0 -2.22045e-16 0.025)
(0 0 0.025)
(-5.55112e-17 2.22045e-16 0.025)
(0 2.22045e-16 0.025)
(-5.55112e-17 0 0.025)
(-2.77556e-17 0 0.025)
(2.77556e-17 0 0.025)
(0 -4.44089e-16 0.025)
(0 2.22045e-16 0.025)
(-5.55112e-17 -4.44089e-16 0.025)
(-5.55112e-17 2.22045e-16 0.025)
(0 -4.44089e-16 0.025)
(5.55112e-17 0 0.025)
(0.001 0 0)
(0 0.001 0)
(0 0 0.001)
(0.001 0 0)
(0 0.001 0)
(0 0 0.001)
(0.001 0 0)
(0 0.001 0)
(0 0 0.001)
(0.001 0 0)
(0 0.001 0)
(0 0 0.001)
(0.001 0 0)
(0 0.001 0)
(0 0 0.001)
(0.001 0 0)
(0 0.001 0)
(0 0 0.001)
(0.001 0 0)
(0 0.001 0)
(-2.77556e-17 0 0.025)
(5.55112e-17 -2.22045e-16 0.025)
(0 0 0.025)
(-2.77556e-17 2.22045e-16 0.025)
(2.77556e-17 -2.22045e-16 0.025)
(-5.55112e-17 -4.44089e-16 0.025)
(0 4.44089e-16 0.025)
(-2.77556e-17 -2.22045e-16 0.025)
(0 4.44089e-16 0.025)
(2.77556e-17 0 0.025)
(2.77556e-17 -2.22045e-16 0.025)
(-5.55112e-17 0 0.025)
(-5.55112e-17 -2.22045e-16 0.025)
(-5.55112e-17 -2.22045e-16 0.025)
(0 6.66134e-16 0.025)
(2.22045e-16 6.66134e-16 0.025)
(0 2.22045e-16 0.025)
(1.11022e-16 6.66134e-16 0.025)
(2.22045e-16 2.22045e-16 0.025)
(0 2.22045e-16 0.025)
(0 0 0.001)
(0.001 0 0)
(0 0.001 0)
(0 0 0.001)
(0.001 0 0)
(0 0.001 0)
(0 0 0.001)
(0.001 0 0)
(0 0.001 0)
(0 0 0.001)
(0.001 0 0)
(0 0.001 0)
(0 0 0.001)
(0.001 0 0)
(0 0.001 0)
(0 0 0.001)
(0.001 0 0)
(0 0.001 0)
(0 0 0.001)
(0.001 0 0)
(0 0 0.025)
(-2.22045e-16 2.22045e-16 0.025)
(0 0 0.025)
(-2.22045e-16 2.22045e-16 0.025)
(0 0 0.025)
(2.22045e-16 0 0.025)
(-2.22045e-16 4.44089e-16 0.025)
(0 4.44089e-16 0.025)
(2.22045e-16 2.22045e-16 0.025)
(0 0 0.025)
(4.44089e-16 8.88178e-16 0.025)
(-4.44089e-16 0 0.025)
(4.44089e-16 8.88178e-16 0.025)
(0 8.88178e-16 0.025)
(4.44089e-16 2.22045e-16 0.025)
(0 6.66134e-16 0.025)
(8.88178e-16 2.22045e-16 0.025)
(4.44089e-16 4.44089e-16 0.025)
(0 8.88178e-16 0.025)
(4.44089e-16 0 0.025)
(0 0.001 0)
(0 0 0.001)
(0.001 0 0)
(0 0.001 0)
(0 0 0.001)
(0.001 0 0)
(0 0.001 0)
(0 0 0.001)
(0.001 0 0)
(0 0.001 0)
(0 0 0.001)
(0.001 0 0)
(0 0.001 0)
(0 0 0.001)
(0.001 0 0)
(0 0.001 0)
(0 0 0.001)
(0.001 0 0)
(0 0.001 0)
(0 0 0.001)
(-8.88178e-16 4.44089e-16 0.025)
(-4.44089e-16 0 0.025)
(4.44089e-16 8.88178e-16 0.025)
(8.88178e-16 8.88178e-16 0.025)
(-4.44089e-16 -2.22045e-16 0.025)
(8.88178e-16 8.88178e-16 0.025)
(0 0 0.025)
(-8.88178e-16 -2.22045e-16 0.025)
(-4.44089e-16 2.22045e-16 0.025)
(4.44089e-16 0 0.025)
(4.44089e-16 4.44089e-16 0.025)
(0 -2.22045e-16 0.025)
(0 -2.22045e-16 0.025)
(0 -2.22045e-16 0.025)
(4.44089e-16 2.22045e-16 0.025)
(0 2.22045e-16 0.025)
(-8.88178e-16 -2.22045e-16 0.025)
(4.44089e-16 0 0.025)
(-4.44089e-16 4.44089e-16 0.025)
(0 0 0.025)
(0.001 0 0)
(0 0.001 0)
(0 0 0.001)
(0.001 0 0)
(0 0.001 0)
(0 0 0.001)
(0.001 0 0)
(0 0.001 0)
(0 0 0.001)
(0.001 0 0)
(0 0.001 0)
(0 0 0.001)
(0.001 0 0)
(0 0.001 0)
(0 0 0.001)
(0.001 0 0)
(0 0.001 0)
(0 0 0.001)
(0.001 0 0)
(0 0.001 0)
(-4.44089e-16 0 0.025)
(0 0 0.025)
(8.88178e-16 2.22045e-16 0.025)
(0 -2.22045e-16 0.025)
(-8.88178e-16 0 0.025)
(0 0 0.025)
(-4.44089e-16 2.22045e-16 0.025)
(0 4.44089e-16 0.025)
(-8.88178e-16 -2.22045e-16 0.025)
(0 -2.22045e-16 0.025)
(4.44089e-16 -2.22045e-16 0.025)
(-4.44089e-16 -2.22045e-16 0.025)
(0 0 0.025)
(-4.44089e-16 0 0.025)
(4.44089e-16 0 0.025)
(8.88178e-16 2.22045e-16 0.025)
(0 0 0.025)
(4.44089e-16 0 0.025)
(8.88178e-16 2.22045e-16 0.025)
(0 0 0.025)
(0 0 0.001)
(0.001 0 0)
(0 0.001 0)
(0 0 0.001)
(0.001 0 0)
(0 0.001 0)
(0 0 0.001)
(0.001 0 0)
(0 0.001 0)
(0 0 0.001)
(0.001 0 0)
(0 0.001 0)
(0 0 0.001)
(0.001 0 0)
(0 0.001 0)
(0 0 0.001)
(0.001 0 0)
(0 0.001 0)
(0 0 0.001)
(0.001 0 0)
(4.44089e-16 0 0.025)
(-8.88178e-16 0 0.025)
(-8.88178e-16 -2.22045e-16 0.025)
(0 0 0.025)
(4.44089e-16 0 0.025)
(4.44089e-16 2.22045e-16 0.025)
(4.44089e-16 2.22045e-16 0.025)
(-4.44089e-16 -2.22045e-16 0.025)
(4.44089e-16 0 0.025)
(-4.44089e-16 0 0.025)
(0 2.22045e-16 0.025)
(4.44089e-16 0 0.025)
(0 0 0.025)
(4.44089e-16 0 0.025)
(2.22045e-16 2.22045e-16 0.025)
(0 0 0.025)
(-2.22045e-16 0 0.025)
(-2.22045e-16 0 0.025)
(2.22045e-16 0 0.025)
(2.22045e-16 2.22045e-16 0.025)
(0 0.001 0)
(0 0 0.001)
(0.001 0 0)
(0 0.001 0)
(0 0 0.001)
(0.001 0 0)
(0 0.001 0)
(0 0 0.001)
(0.001 0 0)
(0 0.001 0)
(0 0 0.001)
(0.001 0 0)
(0 0.001 0)
(0 0 0.001)
(0.001 0 0)
(0 0.001 0)
(0 0 0.001)
(0.001 0 0)
(0 0.001 0)
(0 0 0.001)
(0 0 0.025)
(0 2.22045e-16 0.025)
(0 0 0.025)
(-1.11022e-16 -2.22045e-16 0.025)
(0 2.22045e-16 0.025)
(1.11022e-16 -2.22045e-16 0.025)
(1.11022e-16 0 0.025)
(0 -2.22045e-16 0.025)
(-5.55112e-17 0 0.025)
(-5.55112e-17 -4.44089e-16 0.025)
(5.55112e-17 2.22045e-16 0.025)
(0 0 0.025)
(-5.55112e-17 4.44089e-16 0.025)
(-5.55112e-17 -2.22045e-16 0.025)
(0 0 0.025)
(5.55112e-17 0 0.025)
(5.55112e-17 0 0.025)
(5.55112e-17 -2.22045e-16 0.025)
(5.55112e-17 2.22045e-16 0.025)
(5.55112e-17 -2.22045e-16 0.025)
(0.001 0 0)
(0 0.001 0)
(0 0 0.001)
(0.001 0 0)
(0 0.001 0)
(0 0 0.001)
(0.001 0 0)
(0 0.001 0)
(0 0 0.001)
(0.001 0 0)
(0 0.001 0)
(0 0 0.001)
(0.001 0 0)
(0 0.001 0)
(0 0 0.001)
(0.001 0 0)
(0 0.001 0)
(0 0 0.001)
(0.001 0 0)
(0 0.001 0)
(-5.55112e-17 0 0.025)
(0 0 0.025)
(5.55112e-17 4.44089e-16 0.025)
(1.11022e-16 0 0.025)
(5.55112e-17 2.22045e-16 0.025)
(5.55112e-17 2.22045e-16 0.025)
(0 -2.22045e-16 0.025)
(-5.55112e-17 0 0.025)
(-5.55112e-17 0 0.025)
(0 -2.22045e-16 0.025)
(-5.55112e-17 -6.66134e-16 0.025)
(-5.55112e-17 2.22045e-16 0.025)
(0 -2.22045e-16 0.025)
(-5.55112e-17 2.22045e-16 0.025)
(0 -2.22045e-16 0.025)
(0 -2.22045e-16 0.025)
(0 -2.22045e-16 0.025)
(-1.11022e-16 -2.22045e-16 0.025)
(2.22045e-16 0 0.025)
(-2.22045e-16 -4.44089e-16 0.025)
(0 0 0.001)
(0.001 0 0)
(0 0.001 0)
(0 0 0.001)
(0.001 0 0)
(0 0.001 0)
(0 0 0.001)
(0.001 0 0)
(0 0.001 0)
(0 0 0.001)
(0.001 0 0)
(0 0.001 0)
(0 0 0.001)
(0.001 0 0)
(0 0.001 0)
(0 0 0.001)
(0.001 0 0)
(0 0.001 0)
(0 0 0.001)
(0.001 0 0)
(2.22045e-16 0 0.025)
(0 -2.22045e-16 0.025)
(-2.22045e-16 -2.22045e-16 0.025)
(-2.22045e-16 0 0.025)
(-2.22045e-16 0 0.025)
(-2.22045e-16 2.22045e-16 0.025)
(0 -2.22045e-16 0.025)
(-2.22045e-16 0 0.025)
(-2.22045e-16 0 0.025)
(-4.44089e-16 -2.22045e-16 0.025)
(-8.88178e-16 -2.22045e-16 0.025)
(-4.44089e-16 4.44089e-16 0.025)
(0 0 0.025)
(-4.44089e-16 4.44089e-16 0.025)
(0 4.44089e-16 0.025)
(-1.33227e-15 -4.44089e-16 0.025)
(0 2.22045e-16 0.025)
(0 0 0.025)
(0 0 0.025)
(8.88178e-16 6.66134e-16 0.025)
(0 0.001 0)
(0 0 0.001)
(0.001 0 0)
(0 0.001 0)
(0 0 0.001)
(0.001 0 0)
(0 0.001 0)
(0 0 0.001)
(0.001 0 0)
(0 0.001 0)
(0 0 0.001)
(0.001 0 0)
(0 0.001 0)
(0 0 0.001)
(0.001 0 0)
(0 0.001 0)
(0 0 0.001)
(0.001 0 0)
(0 0.001 0)
(0 0 0.001)
(-8.88178e-16 -4.44089e-16 0.025)
(0 0 0.025)
(-4.44089e-16 -2.22045e-16 0.025)
(8.88178e-16 0 0.025)
(4.44089e-16 4.44089e-16 0.025)
(0 -2.22045e-16 0.025)
(-4.44089e-16 2.22045e-16 0.025)
(-4.44089e-16 2.22045e-16 0.025)
(1.33227e-15 2.22045e-16 0.025)
(4.44089e-16 8.88178e-16 0.025)
(0 2.22045e-16 0.025)
(-4.44089e-16 -2.22045e-16 0.025)
(-4.44089e-16 -2.22045e-16 0.025)
(8.88178e-16 4.44089e-16 0.025)
(1.77636e-15 4.44089e-16 0.025)
(8.88178e-16 4.44089e-16 0.025)
(4.44089e-16 2.22045e-16 0.025)
(1.33227e-15 2.22045e-16 0.025)
(4.44089e-16 -2.22045e-16 0.025)
(0 -2.22045e-16 0.025)
(0.001 0 0)
(0 0.001 0)
(0 0 0.001)
(0.001 0 0)
(0 0.001 0)
(0 0 0.001)
(0.001 0 0)
(0 0.001 0)
(0 0 0.001)
(0.001 0 0)
(0 0.001 0)
(0 0 0.001)
(0.001 0 0)
(0 0.001 0)
(0 0 0.001)
(0.001 0 0)
(0 0.001 0)
(0 0 0.001)
(0.001 0 0)
(0 0.001 0)
(0 0 0.025)
(8.88178e-16 4.44089e-16 0.025)
(8.88178e-16 2.22045e-16 0.025)
(4.44089e-16 4.44089e-16 0.025)
(4.44089e-16 0 0.025)
(4.44089e-16 4.44089e-16 0.025)
(-4.44089e-16 0 0.025)
(8.88178e-16 4.44089e-16 0.025)
(4.44089e-16 2.22045e-16 0.025)
(8.88178e-16 2.22045e-16 0.025)
(-1.33227e-15 -4.44089e-16 0.025)
(-8.88178e-16 2.22045e-16 0.025)
(8.88178e-16 0 0.025)
(8.88178e-16 -2.22045e-16 0.025)
(0 2.22045e-16 0.025)
(-8.88178e-16 -2.22045e-16 0.025)
(-4.44089e-16 2.22045e-16 0.025)
(4.44089e-16 0 0.025)
(0 -2.22045e-16 0.025)
(0 -2.22045e-16 0.025)
(0 0 0.001)
(0.001 0 0)
(0 0.001 0)
(0 0 0.001)
(0.001 0 0)
(0 0.001 0)
(0 0 0.001)
(0.001 0 0)
(0 0.001 0)
(0 0 0.001)
(0.001 0 0)
(0 0.001 0)
(0 0 0.001)
(0.001 0 0)
(0 0.001 0)
(0 0 0.001)
(0.001 0 0)
(0 0.001 0)
(0 0 0.001)
(0.001 0 0)
(0 0 0.025)
(4.44089e-16 2.22045e-16 0.025)
(4.44089e-16 0 0.025)
(0 -2.22045e-16 0.025)
(-4.44089e-16 -2.22045e-16 0.025)
(4.44089e-16 -2.22045e-16 0.025)
(-4.44089e-16 -2.22045e-16 0.025)
(0 0 0.025)
(4.44089e-16 2.22045e-16 0.025)
(2.22045e-16 0 0.025)
(-4.44089e-16 0 0.025)
(-4.44089e-16 -2.22045e-16 0.025)
(-2.22045e-16 2.22045e-16 0.025)
(2.22045e-16 2.22045e-16 0.025)
(-2.22045e-16 -4.44089e-16 0.025)
(2.22045e-16 2.22045e-16 0.025)
(-2.22045e-16 -4.44089e-16 0.025)
(2.22045e-16 2.22045e-16 0.025)
(0 -2.22045e-16 0.025)
(1.11022e-16 -2.22045e-16 0.025)
(0 0.001 0)
(0 0 0.001)
(0.001 0 0)
(0 0.001 0)
(0 0 0.001)
(0.001 0 0)
(0 0.001 0)
(0 0 0.001)
(0.001 0 0)
(0 0.001 0)
(0 0 0.001)
(0.001 0 0)
(0 0.001 0)
(0 0 0.001)
(0.001 0 0)
(0 0.001 0)
(0 0 0.001)
(0.001 0 0)
(0 0.001 0)
(0 0 0.001)
(1.11022e-16 2.22045e-16 0.025)
(1.11022e-16 0 0.025)
(1.11022e-16 -2.22045e-16 0.025)
(0 -2.22045e-16 0.025)
(-5.55112e-17 0 0.025)
(5.55112e-17 0 0.025)
(0 2.22045e-16 0.025)
(1.11022e-16 0 0.025)
(5.55112e-17 0 0.025)
(0 0 0.025)
(-5.55112e-17 -2.22045e-16 0.025)
(0 -4.44089e-16 0.025)
(1.66533e-16 2.22045e-16 0.025)
(0 0 0.025)
(1.11022e-16 0 0.025)
(-5.55112e-17 0 0.025)
(-1.11022e-16 -2.22045e-16 0.025)
(1.11022e-16 6.66134e-16 0.025)
(0 -2.22045e-16 0.025)
(0 2.22045e-16 0.025)
(0.001 0 0)
(0 0.001 0)
(0 0 0.001)
(0.001 0 0)
(0 0.001 0)
(0 0 0.001)
(0.001 0 0)
(0 0.001 0)
(0 0 0.001)
(0.001 0 0)
(0 0.001 0)
(0 0 0.001)
(0.001 0 0)
(0 0.001 0)
(0 0 0.001)
(0.001 0 0)
(0 0.001 0)
(0 0 0.001)
(0.001 0 0)
(0 0.001 0)
(0 -4.44089e-16 0.025)
(1.66533e-16 0 0.025)
(-1.11022e-16 -4.44089e-16 0.025)
(0 0 0.025)
(1.11022e-16 0 0.025)
(-1.11022e-16 -2.22045e-16 0.025)
(5.55112e-17 2.22045e-16 0.025)
(1.11022e-16 4.44089e-16 0.025)
(0 2.22045e-16 0.025)
(0 6.66134e-16 0.025)
(1.11022e-16 2.22045e-16 0.025)
(2.22045e-16 4.44089e-16 0.025)
(2.22045e-16 4.44089e-16 0.025)
(4.44089e-16 0 0.025)
(2.22045e-16 4.44089e-16 0.025)
(-2.22045e-16 0 0.025)
(4.44089e-16 4.44089e-16 0.025)
(-2.22045e-16 0 0.025)
(0 0 0.025)
(6.66134e-16 4.44089e-16 0.025)
(0 0 0.001)
(0.001 0 0)
(0 0.001 0)
(0 0 0.001)
(0.001 0 0)
(0 0.001 0)
(0 0 0.001)
(0.001 0 0)
(0 0.001 0)
(0 0 0.001)
(0.001 0 0)
(0 0.001 0)
(0 0 0.001)
(0.001 0 0)
(0 0.001 0)
(0 0 0.001)
(0.001 0 0)
(0 0.001 0)
(0 0 0.001)
(0.001 0 0)
(2.22045e-16 2.22045e-16 0.025)
(6.66134e-16 2.22045e-16 0.025)
(-4.44089e-16 0 0.025)
(-4.44089e-16 0 0.025)
(-4.44089e-16 4.44089e-16 0.025)
(0 0 0.025)
(-8.88178e-16 0 0.025)
(-4.44089e-16 0 0.025)
(-8.88178e-16 0 0.025)
(-4.44089e-16 4.44089e-16 0.025)
(-4.44089e-16 0 0.025)
(-4.44089e-16 0 0.025)
(-4.44089e-16 2.22045e-16 0.025)
(-8.88178e-16 0 0.025)
(0 4.44089e-16 0.025)
(0 0 0.025)
(4.44089e-16 0 0.025)
(4.44089e-16 0 0.025)
(0 2.22045e-16 0.025)
(0 -4.44089e-16 0.025)
(0 0.001 0)
(0 0 0.001)
(0.001 0 0)
(0 0.001 0)
(0 0 0.001)
(0.001 0 0)
(0 0.001 0)
(0 0 0.001)
(0.001 0 0)
(0 0.001 0)
(0 0 0.001)
(0.001 0 0)
(0 0.001 0)
(0 0 0.001)
(0.001 0 0)
(0 0.001 0)
(0 0 0.001)
(0.001 0 0)
(0 0.001 0)
(0 0 0.001)
(8.88178e-16 4.44089e-16 0.025)
(4.44089e-16 0 0.025)
(-4.44089e-16 -4.44089e-16 0.025)
(4.44089e-16 2.22045e-16 0.025)
(8.88178e-16 4.44089e-16 0.025)
(0 0 0.025)
(1.33227e-15 4.44089e-16 0.025)
(4.44089e-16 0 0.025)
(4.44089e-16 -2.22045e-16 0.025)
(8.88178e-16 0 0.025)
(-8.88178e-16 -4.44089e-16 0.025)
(4.44089e-16 2.22045e-16 0.025)
(4.44089e-16 0 0.025)
(-8.88178e-16 -2.22045e-16 0.025)
(0 -2.22045e-16 0.025)
(0 2.22045e-16 0.025)
(4.44089e-16 0 0.025)
(4.44089e-16 0 0.025)
(0 2.22045e-16 0.025)
(1.33227e-15 2.22045e-16 0.025)
(0.001 0 0)
(0 0.001 0)
(0 0 0.001)
(0.001 0 0)
(0 0.001 0)
(0 0 0.001)
(0.001 0 0)
(0 0.001 0)
(0 0 0.001)
(0.001 0 0)
(0 0.001 0)
(0 0 0.001)
(0.001 0 0)
(0 0.001 0)
(0 0 0.001)
(0.001 0 0)
(0 0.001 0)
(0 0 0.001)
(0.001 0 0)
(0 0.001 0)
(4.44089e-16 2.22045e-16 0.025)
(8.88178e-16 2.22045e-16 0.025)
(-4.44089e-16 -4.44089e-16 0.025)
(4.44089e-16 2.22045e-16 0.025)
(0 2.22045e-16 0.025)
(4.44089e-16 0 0.025)
(0 2.22045e-16 0.025)
(0 -2.22045e-16 0.025)
(8.88178e-16 2.22045e-16 0.025)
(4.44089e-16 0 0.025)
(8.88178e-16 0 0.025)
(8.88178e-16 2.22045e-16 0.025)
(4.44089e-16 -2.22045e-16 0.025)
(4.44089e-16 0 0.025)
(4.44089e-16 2.22045e-16 0.025)
(2.22045e-16 -2.22045e-16 0.025)
(0 2.22045e-16 0.025)
(0 0 0.025)
(-6.66134e-16 0 0.025)
(4.44089e-16 0 0.025)
(0 0 0.001)
(0.001 0 0)
(0 0.001 0)
(0 0 0.001)
(0.001 0 0)
(0 0.001 0)
(0 0 0.001)
(0.001 0 0)
(0 0.001 0)
(0 0 0.001)
(0.001 0 0)
(0 0.001 0)
(0 0 0.001)
(0.001 0 0)
(0 0.001 0)
(0 0 0.001)
(0.001 0 0)
(0 0.001 0)
(0 0 0.001)
(0.001 0 0)
(-2.22045e-16 0 0.025)
(0 2.22045e-16 0.025)
(0 -2.22045e-16 0.025)
(-2.22045e-16 0 0.025)
(0 0 0.025)
(1.11022e-16 0 0.025)
(-1.11022e-16 -2.22045e-16 0.025)
(-1.11022e-16 -2.22045e-16 0.025)
(1.11022e-16 0 0.025)
(-1.11022e-16 -4.44089e-16 0.025)
(-1.11022e-16 2.22045e-16 0.025)
(-1.11022e-16 2.22045e-16 0.025)
(-1.11022e-16 2.22045e-16 0.025)
(0 2.22045e-16 0.025)
(-1.11022e-16 2.22045e-16 0.025)
(1.11022e-16 2.22045e-16 0.025)
(0 -2.22045e-16 0.025)
(-2.22045e-16 0 0.025)
(1.11022e-16 -2.22045e-16 0.025)
(-1.11022e-16 0 0.025)
(0 0.001 0)
(0 0 0.001)
(0.001 0 0)
(0 0.001 0)
(0 0 0.001)
(0.001 0 0)
(0 0.001 0)
(0 0 0.001)
(0.001 0 0)
(0 0.001 0)
(0 0 0.001)
(0.001 0 0)
(0 0.001 0)
(0 0 0.001)
(0.001 0 0)
(0 0.001 0)
(0 0 0.001)
(0.001 0 0)
(0 0.001 0)
(0 0 0.001)
(1.11022e-16 2.22045e-16 0.025)
(-1.11022e-16 0 0.025)
(0 -2.22045e-16 0.025)
(0 -2.22045e-16 0.025)
(0 -2.22045e-16 0.025)
(-1.11022e-16 -2.22045e-16 0.025)
(0 -4.44089e-16 0.025)
(-1.11022e-16 -2.22045e-16 0.025)
(1.11022e-16 2.22045e-16 0.025)
(0 0 0.025)
(-1.11022e-16 2.22045e-16 0.025)
(-1.11022e-16 2.22045e-16 0.025)
(0 2.22045e-16 0.025)
(0 0 0.025)
(-1.11022e-16 2.22045e-16 0.025)
(0 2.22045e-16 0.025)
(-2.22045e-16 6.66134e-16 0.025)
(2.22045e-16 2.22045e-16 0.025)
(4.44089e-16 6.66134e-16 0.025)
(-2.22045e-16 2.22045e-16 0.025)
(0.001 0 0)
(0 0.001 0)
(0 0 0.001)
(0.001 0 0)
(0 0.001 0)
(0 0 0.001)
(0.001 0 0)
(0 0.001 0)
(0 0 0.001)
(0.001 0 0)
(0 0.001 0)
(0 0 0.001)
(0.001 0 0)
(0 0.001 0)
(0 0 0.001)
(0.001 0 0)
(0 0.001 0)
(0 0 0.001)
(0.001 0 0)
(0 0.001 0)
(2.22045e-16 0 0.025)
(0 6.66134e-16 0.025)
(0 2.22045e-16 0.025)
(2.22045e-16 4.44089e-16 0.025)
(2.22045e-16 2.22045e-16 0.025)
(0 2.22045e-16 0.025)
(-4.44089e-16 2.22045e-16 0.025)
(0 4.44089e-16 0.025)
(0 0 0.025)
(0 2.22045e-16 0.025)
(-4.44089e-16 0 0.025)
(0 4.44089e-16 0.025)
(0 2.22045e-16 0.025)
(4.44089e-16 0 0.025)
(4.44089e-16 2.22045e-16 0.025)
(-4.44089e-16 2.22045e-16 0.025)
(4.44089e-16 0 0.025)
(0 4.44089e-16 0.025)
(0 0 0.025)
(4.44089e-16 2.22045e-16 0.025)
(0 0 0.001)
(0.001 0 0)
(0 0.001 0)
(0 0 0.001)
(0.001 0 0)
(0 0.001 0)
(0 0 0.001)
(0.001 0 0)
(0 0.001 0)
(0 0 0.001)
(0.001 0 0)
(0 0.001 0)
(0 0 0.001)
(0.001 0 0)
(0 0.001 0)
(0 0 0.001)
(0.001 0 0)
(0 0.001 0)
(0 0 0.001)
(0.001 0 0)
(1.33227e-15 2.22045e-16 0.025)
(8.88178e-16 2.22045e-16 0.025)
(0 -4.44089e-16 0.025)
(0 -6.66134e-16 0.025)
(4.44089e-16 4.44089e-16 0.025)
(1.33227e-15 2.22045e-16 0.025)
(0 2.22045e-16 0.025)
(0 -2.22045e-16 0.025)
(4.44089e-16 0 0.025)
(8.88178e-16 4.44089e-16 0.025)
(1.33227e-15 -2.22045e-16 0.025)
(-4.44089e-16 0 0.025)
(0 2.22045e-16 0.025)
(1.33227e-15 4.44089e-16 0.025)
(4.44089e-16 0 0.025)
(-4.44089e-16 -2.22045e-16 0.025)
(0 2.22045e-16 0.025)
(0 0 0.025)
(4.44089e-16 2.22045e-16 0.025)
(4.44089e-16 0 0.025)
(0 0.001 0)
(0 0 0.001)
(0.001 0 0)
(0 0.001 0)
(0 0 0.001)
(0.001 0 0)
(0 0.001 0)
(0 0 0.001)
(0.001 0 0)
(0 0.001 0)
(0 0 0.001)
(0.001 0 0)
(0 0.001 0)
(0 0 0.001)
(0.001 0 0)
(0 0.001 0)
(0 0 0.001)
(0.001 0 0)
(0 0.001 0)
(0 0 0.001)
(4.44089e-16 0 0.025)
(0 -2.22045e-16 0.025)
(0 0 0.025)
(4.44089e-16 0 0.025)
(0 0 0.025)
(4.44089e-16 2.22045e-16 0.025)
(0 -2.22045e-16 0.025)
(0 0 0.025)
(4.44089e-16 2.22045e-16 0.025)
(4.44089e-16 2.22045e-16 0.025)
(4.44089e-16 2.22045e-16 0.025)
(0 -2.22045e-16 0.025)
(0 0 0.025)
(0 0 0.025)
(4.44089e-16 2.22045e-16 0.025)
(0 2.22045e-16 0.025)
(-2.22045e-16 0 0.025)
(0 2.22045e-16 0.025)
(-4.44089e-16 0 0.025)
(2.22045e-16 2.22045e-16 0.025)
(0.001 0 0)
(0 0.001 0)
(0 0 0.001)
(0.001 0 0)
(0 0.001 0)
(0 0 0.001)
(0.001 0 0)
(0 0.001 0)
(0 0 0.001)
(0.001 0 0)
(0 0.001 0)
(0 0 0.001)
(0.001 0 0)
(0 0.001 0)
(0 0 0.001)
(0.001 0 0)
(0 0.001 0)
(0 0 0.001)
(0.001 0 0)
(0 0.001 0)
(0 2.22045e-16 0.025)
(2.22045e-16 0 0.025)
(0 4.44089e-16 0.025)
(0 -2.22045e-16 0.025)
(2.22045e-16 -2.22045e-16 0.025)
(1.11022e-16 2.22045e-16 0.025)
(-1.11022e-16 0 0.025)
(0 -2.22045e-16 0.025)
(-2.22045e-16 0 0.025)
(1.11022e-16 2.22045e-16 0.025)
(0 0 0.025)
(1.11022e-16 2.22045e-16 0.025)
(0 -2.22045e-16 0.025)
(1.11022e-16 -2.22045e-16 0.025)
(2.22045e-16 2.22045e-16 0.025)
(0 -2.22045e-16 0.025)
(-1.11022e-16 -2.22045e-16 0.025)
(1.11022e-16 -2.22045e-16 0.025)
(0 0 0.025)
(1.11022e-16 0 0.025)
(0 0 0.001)
(0.001 0 0)
(0 0.001 0)
(0 0 0.001)
(0.001 0 0)
(0 0.001 0)
(0 0 0.001)
(0.001 0 0)
(0 0.001 0)
(0 0 0.001)
(0.001 0 0)
(0 0.001 0)
(0 0 0.001)
(0.001 0 0)
(0 0.001 0)
(0 0 0.001)
(0.001 0 0)
(0 0.001 0)
(0 0 0.001)
(0.001 0 0)
(0 -2.22045e-16 0.025)
(0 -2.22045e-16 0.025)
(-1.11022e-16 -2.22045e-16 0.025)
(1.11022e-16 -2.22045e-16 0.025)
(-1.11022e-16 -2.22045e-16 0.025)
(0 0 0.025)
(1.11022e-16 -4.44089e-16 0.025)
(-1.11022e-16 0 0.025)
(1.11022e-16 0 0.025)
(1.11022e-16 4.44089e-16 0.025)
(2.22045e-16 2.22045e-16 0.025)
(-2.22045e-16 0 0.025)
(4.44089e-16 4.44089e-16 0.025)
(2.22045e-16 0 0.025)
(-2.22045e-16 2.22045e-16 0.025)
(0 2.22045e-16 0.025)
(-2.22045e-16 2.22045e-16 0.025)
(2.22045e-16 2.22045e-16 0.025)
(4.44089e-16 0 0.025)
(2.22045e-16 4.44089e-16 0.025)
(0 0.001 0)
(0 0 0.001)
(0.001 0 0)
(0 0.001 0)
(0 0 0.001)
(0.001 0 0)
(0 0.001 0)
(0 0 0.001)
(0.001 0 0)
(0 0.001 0)
(0 0 0.001)
(0.001 0 0)
(0 0.001 0)
(0 0 0.001)
(0.001 0 0)
(0 0.001 0)
(0 0 0.001)
(0.001 0 0)
(0 0.001 0)
(0 0 0.001)
(0 2.22045e-16 0.025)
(0 4.44089e-16 0.025)
(4.44089e-16 0 0.025)
(0 4.44089e-16 0.025)
(4.44089e-16 6.66134e-16 0.025)
(4.44089e-16 4.44089e-16 0.025)
(4.44089e-16 6.66134e-16 0.025)
(-4.44089e-16 0 0.025)
(0 6.66134e-16 0.025)
(0 2.22045e-16 0.025)
(4.44089e-16 6.66134e-16 0.025)
(4.44089e-16 6.66134e-16 0.025)
(0 0 0.025)
(1.77636e-15 8.88178e-16 0.025)
(4.44089e-16 -2.22045e-16 0.025)
(-4.44089e-16 -2.22045e-16 0.025)
(4.44089e-16 0 0.025)
(-4.44089e-16 4.44089e-16 0.025)
(8.88178e-16 4.44089e-16 0.025)
(4.44089e-16 4.44089e-16 0.025)
(0.001 0 0)
(0 0.001 0)
(0 0 0.001)
(0.001 0 0)
(0 0.001 0)
(0 0 0.001)
(0.001 0 0)
(0 0.001 0)
(0 0 0.001)
(0.001 0 0)
(0 0.001 0)
(0 0 0.001)
(0.001 0 0)
(0 0.001 0)
(0 0 0.001)
(0.001 0 0)
(0 0.001 0)
(0 0 0.001)
(0.001 0 0)
(0 0.001 0)
)
;
    }
    sides1_half0
    {
        type            cyclic;
    }
    sides1_half1
    {
        type            cyclic;
    }
    sides2_half0
    {
        type            cyclic;
    }
    sides2_half1
    {
        type            cyclic;
    }
    inout1_half0
    {
        type            cyclic;
    }
    inout1_half1
    {
        type            cyclic;
    }
    inout2_half0
    {
        type            cyclic;
    }
    inout2_half1
    {
        type            cyclic;
    }
}


// ************************************************************************* //
