/*--------------------------------*- C++ -*----------------------------------*\
  =========                 |
  \\      /  F ield         | OpenFOAM: The Open Source CFD Toolbox
   \\    /   O peration     | Website:  https://openfoam.org
    \\  /    A nd           | Version:  10
     \\/     M anipulation  |
\*---------------------------------------------------------------------------*/
FoamFile
{
    format      ascii;
    class       volScalarField;
    location    "0";
    object      yPlus;
}
// * * * * * * * * * * * * * * * * * * * * * * * * * * * * * * * * * * * * * //

dimensions      [0 0 0 0 0 0 0];

internalField   uniform 0;

boundaryField
{
    bottomWall
    {
        type            calculated;
        value           nonuniform List<scalar> 
1600
(
2.91465
2.99118
3.12614
2.60402
1.89449
1.86658
1.64423
1.9984
2.13231
2.62846
2.76786
1.98196
1.6806
1.89646
1.98026
1.56931
2.02807
3.07123
2.78902
1.91134
1.61367
2.23496
2.19781
1.77937
2.05421
2.07433
1.75947
1.68607
2.56356
2.53343
1.9729
1.67045
2.51948
2.52378
2.81805
3.43443
2.45762
1.4886
1.94623
2.33186
2.90772
3.03756
2.72897
2.55018
2.46593
2.12113
1.62005
1.69501
1.98777
2.727
2.62623
1.77479
1.76242
1.99839
2.01998
1.37853
1.79116
2.90781
2.56108
1.844
1.494
2.26546
2.28573
1.81386
1.95914
2.61993
2.00744
1.57239
2.49178
2.57858
1.98589
1.54252
2.52959
2.4767
2.85556
3.42209
2.23757
1.33883
1.9978
2.36032
2.8743
2.83313
2.17615
2.60031
2.89449
2.11651
1.93818
1.61484
1.88934
2.98502
2.58573
1.80728
1.96856
1.97986
2.10334
1.39208
1.72173
2.91649
2.42806
1.87937
1.60055
2.2317
2.43781
1.8145
1.98028
2.90487
2.16831
1.57257
2.50781
2.78856
1.87138
1.57013
2.66923
2.45425
2.82881
3.15394
2.00316
1.31167
1.96205
2.28282
2.74977
2.35066
1.97533
2.57741
2.7396
2.08345
2.11556
1.91484
1.84707
2.91986
2.58465
2.14351
1.91003
1.998
2.29626
1.55979
1.68354
2.70123
2.25286
1.79975
1.55898
2.07299
2.45325
1.85736
1.78318
2.62064
2.20108
1.66194
2.57373
3.1162
1.75183
1.74055
2.86308
2.51513
2.58923
2.80776
1.78759
1.3868
1.85263
2.15797
2.87072
2.20334
1.80897
2.40621
2.60213
2.1116
1.89524
1.84991
1.84987
2.57645
2.70297
2.73802
1.89099
2.05332
2.45513
1.58638
1.52266
2.2954
1.88794
1.55061
1.54235
2.14069
2.33533
1.89835
1.67058
2.4174
2.13558
1.70838
2.62631
3.31062
1.63736
1.79004
2.88706
2.66328
2.40579
2.43782
1.51607
1.44961
1.82996
2.19138
3.36345
2.40061
1.59109
2.40648
2.6283
1.88114
1.77165
1.74655
1.707
2.32026
2.83987
3.01068
1.93439
2.17837
2.51066
1.52856
1.46922
2.19728
1.81885
1.55239
1.54966
2.36363
2.50226
2.0155
1.6869
2.3014
2.03102
1.59682
2.59022
3.14633
1.546
1.76932
2.83438
2.72349
2.39076
2.28929
1.61526
1.55727
1.9299
2.22786
3.08155
2.27989
1.79491
2.65642
2.64786
1.63899
1.94868
1.79241
1.56176
2.06641
2.91598
3.18557
1.93518
2.24808
2.42296
1.47631
1.62501
2.25348
2.00159
1.70507
1.60661
2.50345
2.69708
2.10801
1.84733
1.97893
1.90712
1.57261
2.47163
2.82268
1.53123
1.72404
2.7911
2.72764
2.47641
2.32541
1.73659
1.55682
2.01038
2.1343
2.25811
2.2262
2.30742
3.0282
2.46915
1.74476
2.28112
1.69537
1.68025
2.00093
2.94003
3.40406
1.92106
2.1851
2.29295
1.42174
1.74251
2.31375
2.04105
1.67457
1.6112
2.5421
2.7505
2.11926
2.02924
1.67639
1.85261
1.59808
2.29464
2.5776
1.59166
1.71618
2.74921
2.78177
2.50681
2.22574
1.52206
1.74767
2.11089
2.00642
1.94894
2.4475
2.93011
3.24488
2.29042
1.90567
2.43679
1.54818
1.83174
2.24164
2.97892
3.24335
1.84045
2.12609
2.18487
1.3335
1.68467
2.24732
2.09244
1.81021
1.59784
2.51824
2.71591
2.24845
2.14093
1.63451
2.00669
1.78224
2.01168
2.39356
1.64028
1.8172
2.77392
2.76412
2.39848
2.12602
1.66048
1.85951
2.3047
2.00912
2.01134
2.52315
2.9903
3.08642
2.14928
2.24213
2.23753
1.43471
2.01684
2.44774
2.8691
2.82506
1.73127
2.08046
2.02168
1.31904
1.58878
2.16261
2.18051
1.95565
1.7365
2.49736
2.6532
2.4951
2.14846
1.70773
2.31115
1.96176
1.73175
2.22404
1.48827
1.84969
2.7994
2.64885
2.38379
2.18433
1.77418
1.89733
2.37807
2.10905
2.20983
2.42668
2.4964
2.60354
2.26505
2.72597
1.98497
1.41239
2.29966
2.79408
2.85695
2.5503
1.66276
2.00826
1.83683
1.39578
1.57883
2.20085
2.24139
1.90603
1.80714
2.46182
2.71133
2.74006
2.04847
1.62714
2.6826
2.05769
1.58047
2.09488
1.34645
1.87511
2.72637
2.43781
2.3129
2.19365
1.67874
1.82828
2.22631
2.14107
2.26475
2.24036
2.06595
2.44542
2.88714
2.86034
2.02602
1.6054
2.32476
2.90235
3.00665
2.55026
1.65986
1.90343
1.77486
1.47409
1.59362
2.24737
2.42587
1.85901
1.69449
2.44871
2.93101
3.00805
1.97893
1.53674
3.06655
2.05821
1.56428
2.06531
1.41467
2.01983
2.66252
2.25988
2.14607
2.22154
1.88472
1.58557
2.11894
2.30215
2.10603
2.01918
1.95177
2.52708
3.20679
2.5861
2.00474
1.76893
2.15192
2.87522
3.19927
2.64646
1.73859
1.87502
1.75501
1.49634
1.63763
2.23988
2.60472
1.80941
1.63794
2.53012
2.89957
3.18013
2.04234
1.56975
2.97844
1.97338
1.65031
2.06332
1.5144
2.21151
2.70508
2.23174
2.0309
2.33735
2.05781
1.44758
2.08225
2.49096
1.91842
1.89175
1.97743
2.4817
2.69787
2.14705
2.00037
1.60132
1.98039
2.95564
3.41335
2.65142
1.76568
1.85846
1.64265
1.4313
1.70831
2.33808
2.73496
1.72027
1.7912
2.5492
3.13164
3.26068
2.10753
1.67106
2.40002
1.87608
1.70274
1.96286
1.59375
2.36396
2.86195
2.2485
1.86827
2.2974
2.06863
1.56519
1.97485
2.56205
1.7557
1.87056
2.23531
2.48923
2.07355
1.87828
2.09477
1.51129
1.87031
2.84191
3.30152
2.56365
1.7437
1.78149
1.55403
1.40404
1.73478
2.40108
2.82231
1.70022
2.04753
2.7712
3.28026
3.0814
2.13413
1.84011
1.80897
1.8949
1.75069
1.81971
1.64489
2.43153
2.95531
2.17601
1.7568
2.27071
2.22753
1.55578
1.88999
2.64843
1.6648
1.89475
2.48272
2.67033
1.874
1.83515
1.81309
1.56304
2.13361
2.86273
3.09018
2.59656
1.82661
1.76964
1.55703
1.42282
1.69431
2.36358
2.79715
1.8863
2.08165
2.87369
2.97281
2.75538
2.30827
1.9762
1.59411
1.91573
1.94358
1.69726
1.65311
2.45092
2.93145
2.1151
1.70599
2.33862
2.31762
1.51947
1.87803
2.65497
1.55691
1.86576
2.55982
2.94132
2.126
1.8375
1.38925
1.73463
2.34715
2.99471
3.21547
2.66535
1.9016
1.86678
1.58953
1.42804
1.62541
2.24954
2.75523
2.07618
1.90109
2.50652
2.82938
2.60506
2.39271
1.91103
1.58366
1.79273
2.25262
1.61479
1.64492
2.52255
2.97192
2.13149
1.74558
2.37483
2.31017
1.61567
1.91791
2.45999
1.52825
1.86455
2.55712
2.91098
2.32143
2.06242
1.18198
1.79276
2.42702
2.91119
3.14528
2.48069
1.86084
1.97943
1.59625
1.47918
1.58016
2.06614
2.70714
2.00051
1.82989
2.43978
2.88071
2.38917
2.2455
1.78859
1.46261
1.63013
2.43399
1.64218
1.56973
2.53996
2.97882
2.11386
1.79524
2.42211
2.40792
1.71022
2.05758
2.32924
1.60063
1.81774
2.56505
2.80114
2.35789
2.19592
1.47958
2.04665
2.69394
2.76108
2.76441
2.20198
1.73957
2.01006
1.62531
1.58861
1.54914
1.95348
2.50108
1.96713
1.98572
2.43373
2.81996
2.27173
2.11423
1.77048
1.33304
1.5223
2.44861
1.77379
1.49466
2.51052
2.9226
2.13415
1.78814
2.36256
2.33943
1.75641
2.23371
2.2999
1.58507
1.7251
2.58572
2.76061
2.3114
2.13615
1.68332
2.12516
2.94475
2.91824
2.56165
2.10125
1.65444
1.87266
1.65664
1.72578
1.54516
1.99344
2.46545
2.26603
1.95002
2.17615
2.65886
2.39332
2.20599
1.78201
1.27031
1.44342
2.40055
1.8709
1.45731
2.51081
2.89266
2.17524
1.81569
2.23428
2.06742
1.76344
2.27356
2.20848
1.58907
1.69463
2.67688
2.85982
2.359
1.96449
1.52695
2.1363
2.95441
2.96284
2.582
2.1381
1.73833
1.70414
1.68384
1.78187
1.62967
2.04885
2.7916
2.44996
1.77144
2.11681
2.49896
2.45682
2.31523
1.74286
1.36045
1.42782
2.36266
1.82259
1.56809
2.49597
2.81843
2.17543
1.92216
2.05191
1.84877
1.88139
2.23294
1.97036
1.68227
1.76161
2.70254
2.94465
2.4128
1.82171
1.31425
2.1262
3.05926
2.82588
2.47159
2.17874
1.86176
1.6575
1.68683
1.73545
1.64906
2.03369
2.85389
2.53255
2.01368
1.99435
2.19928
2.5817
2.37889
1.74872
1.50055
1.49704
2.46231
1.83249
1.56463
2.3583
2.58017
2.15419
2.03341
1.88577
1.85934
2.10724
2.1932
1.84151
1.73751
1.83328
2.48981
2.91599
2.51596
1.84476
1.32287
1.9257
2.79267
2.82807
2.48592
2.32694
2.01723
1.631
1.60456
1.73686
1.59469
2.04787
2.70787
2.54139
2.33534
1.96272
1.9069
2.71827
2.3776
1.79649
1.59941
1.53784
2.5764
1.91583
1.52864
2.10153
2.21018
2.14609
2.19307
1.79837
1.8923
2.31091
2.21249
1.80578
1.90748
1.90891
2.2084
2.84712
2.70338
1.84785
1.48795
1.83528
2.25354
2.52526
2.64714
2.50772
2.20331
1.60707
1.52006
1.73072
1.50866
2.04219
2.81277
2.42342
2.42985
2.17707
1.79368
2.5207
2.23172
1.83291
1.65852
1.51735
2.4927
1.83769
1.62002
2.0546
2.01533
2.13936
2.25516
1.69853
1.90644
2.53489
2.16503
1.71169
2.16397
1.84534
2.09186
2.94035
2.84792
1.82522
1.61871
1.92659
2.03263
2.11699
2.49961
2.63632
2.48204
1.65524
1.54407
1.75619
1.48956
2.00358
2.8299
2.39363
2.68239
2.61525
1.93046
2.11454
2.04332
1.87522
1.70456
1.46607
2.26116
1.68589
1.76263
2.19437
2.05729
2.0354
2.17897
1.6234
1.96394
2.644
1.97202
1.68181
2.27473
1.91564
1.93969
2.92955
2.928
1.83558
1.71334
2.10084
1.98365
2.10502
2.63719
2.98451
2.68214
1.77072
1.73445
1.90064
1.61366
2.05104
2.76285
2.4921
2.81405
2.97568
2.18979
1.85611
1.84978
1.89855
1.77687
1.33458
1.98394
1.6117
1.88291
2.31455
2.0714
1.8993
2.1747
1.62861
2.04013
2.56502
1.75136
1.72663
2.39239
2.20898
1.79775
2.53175
2.70326
1.78155
1.68316
2.11695
1.98467
2.092
2.87356
3.0445
2.47611
1.83627
1.92639
2.06561
1.67966
2.12995
2.84957
2.5455
2.71389
2.96772
2.24019
1.84282
1.69815
1.88302
1.88004
1.2463
1.74432
1.5992
2.03125
2.4973
2.06187
1.76702
2.12986
1.65995
2.10783
2.49979
1.63003
1.77931
2.5266
2.17454
1.77438
2.21375
2.48775
1.77836
1.5841
1.79472
1.88482
2.08678
2.72956
2.60608
2.06871
1.78108
1.96202
2.08656
1.60855
2.09315
2.92871
2.39005
2.50754
2.96702
2.38333
1.85608
1.62651
2.00877
1.99474
1.27875
1.67117
1.63927
2.20185
2.63096
2.02661
1.69393
2.04235
1.72897
2.16651
2.42055
1.63482
1.91041
2.533
1.97306
1.8916
2.20463
2.30059
1.74024
1.66845
1.6147
1.82565
2.25888
2.57162
1.97787
1.77934
1.8036
1.95895
1.93222
1.56471
1.98677
2.82905
2.40367
2.33769
3.10451
2.58492
1.79518
1.73906
2.34676
2.15348
1.40936
1.69384
1.73004
2.35346
2.76288
1.94332
1.70781
2.15831
1.89574
2.14839
2.17149
1.70479
2.11824
2.56671
1.75745
1.92925
2.33022
2.1748
1.57881
1.76729
1.79925
1.93048
2.47354
2.50443
1.7474
1.74007
2.15114
2.00746
1.78894
1.77983
2.00698
2.65479
2.8161
2.42006
2.95809
2.41065
1.71762
1.87927
2.5186
2.25671
1.49214
1.70847
1.89113
2.56546
2.87046
1.8336
1.6953
2.21257
2.04008
2.03235
1.91212
1.69801
2.30425
2.53337
1.69746
1.9276
2.22921
2.0274
1.37623
1.78318
2.05969
1.97539
2.27844
2.25095
1.82418
1.76158
2.39135
2.16403
1.80191
2.08639
2.13818
2.5535
3.06305
2.66465
2.74736
2.1131
1.65258
1.8023
2.38127
2.18923
1.47645
1.7142
2.07767
2.74831
2.69828
1.73414
1.76107
2.28738
2.18719
1.79238
1.81769
1.64861
2.39989
2.26744
1.90256
2.37955
2.01861
1.67962
1.37313
1.86811
2.38497
2.04592
1.98625
2.00177
2.0894
1.63893
2.26036
2.08791
1.82472
2.19079
2.36063
2.41749
2.62588
2.68936
2.62868
1.95122
1.57919
1.74622
2.15904
1.97343
1.44651
1.83623
2.15054
2.74728
2.36883
1.74802
1.90176
2.52464
2.26019
1.62426
1.87972
1.7676
2.31613
2.14396
2.36123
2.80394
1.84874
1.66852
1.57511
1.88561
2.58678
2.06147
2.128
2.1383
2.0819
1.57752
2.05025
1.83468
1.80986
2.2792
2.72243
2.24077
2.10989
2.5136
2.41211
1.77873
1.70927
1.8946
1.7959
1.65401
1.59834
1.94432
2.09183
2.55435
1.9783
1.73714
2.01787
2.53473
2.15092
1.6198
1.96641
1.8574
2.1774
2.19323
2.47344
2.82565
1.67873
1.66881
1.56095
1.79144
2.68517
1.90167
2.23707
2.64295
1.93992
1.53669
1.91463
1.5764
1.82468
2.46735
2.79941
2.30184
2.07189
2.35525
2.30331
1.72366
1.87556
2.03622
1.69426
1.64415
1.78169
2.03858
2.02869
2.11244
1.69911
1.74862
2.06131
2.36527
2.05176
1.63809
1.82852
1.73084
2.03635
2.39934
2.34415
2.68922
1.66216
1.78551
1.54818
1.6399
2.66554
1.98691
2.12946
2.77261
1.84689
1.72213
1.69996
1.51095
1.9505
2.59843
2.69279
2.36981
2.1615
2.13237
2.25921
1.67886
1.92354
2.02486
1.7727
1.84192
1.8087
2.17403
2.02813
1.84222
1.55501
1.93039
2.08585
2.28788
2.13145
1.79988
1.5437
1.60505
2.03205
2.58595
2.46541
2.51594
1.65335
1.97655
1.74111
1.58036
2.66925
2.25434
1.98552
2.26086
1.77809
1.82594
1.53345
1.58475
2.16298
2.74889
2.55038
2.34949
2.22281
1.82582
2.08774
1.62481
1.84514
1.90255
1.64729
1.80917
1.83355
2.2852
2.00846
1.75049
1.47078
2.08318
2.03667
2.2206
2.34969
2.0225
1.40526
1.63263
2.22609
2.71644
2.64427
2.47796
1.51388
2.0652
1.77374
1.71077
2.68999
2.3632
2.01969
2.05005
2.2442
1.79619
1.49948
1.71991
2.23053
2.72813
2.46128
2.4546
2.32049
1.86962
1.89431
1.82145
1.86074
1.849
1.41803
1.68047
1.86452
2.37169
2.06151
1.56836
1.29846
2.11044
1.92729
2.19809
2.65068
2.1975
1.43247
1.58056
2.34117
2.63472
2.73146
2.869
1.78063
1.87389
1.75046
1.8299
2.68854
2.50755
2.11286
2.18285
2.62572
1.76965
1.50445
1.85252
2.02657
2.41839
2.4277
2.60629
2.43071
1.79923
1.8827
1.98961
1.83703
1.79886
1.4581
1.62462
1.85468
2.55125
2.24226
1.62234
1.33357
2.1925
1.99432
2.33522
3.01155
2.39339
1.54025
1.48977
2.23635
2.71169
2.91964
3.12325
2.04939
1.79755
1.73075
1.81459
2.4707
2.50456
2.16304
2.29903
2.57677
1.69804
1.56561
1.90324
1.7485
2.20371
2.50234
2.74309
2.29385
1.51948
2.09575
2.19519
1.78831
1.96272
1.74439
1.63376
1.84467
2.70403
2.44598
1.81916
1.6569
2.33133
2.26104
2.53719
3.26032
2.49124
1.60146
1.59576
2.23663
2.88307
2.99669
3.0464
2.34787
1.76129
1.82362
1.75183
2.15633
2.29334
2.40731
2.60032
2.36918
1.65798
1.69193
1.91277
1.64625
2.16636
2.9098
2.86074
2.03243
1.46665
2.27164
2.23794
1.79131
2.17776
1.93786
1.64039
1.80318
2.67485
2.54567
1.91975
1.76653
2.46287
2.45536
2.72029
3.35334
2.5375
1.626
1.79806
2.30905
)
;
    }
    topWall
    {
        type            calculated;
        value           nonuniform List<scalar> 
1600
(
2.34087
2.22686
1.99897
2.10687
2.55643
2.56774
1.68992
1.66158
1.70716
1.83976
2.60023
2.35091
1.68138
1.80574
2.1542
2.70221
2.73937
1.87926
1.61678
2.25363
2.05559
1.8549
1.94856
1.72655
1.87177
2.58649
2.27389
1.53694
1.53997
2.61308
2.15401
1.65848
1.60435
1.95793
2.6615
2.53788
1.70115
1.96862
1.82047
2.03896
2.43755
2.4279
1.93545
1.81629
2.60222
2.6299
1.75615
1.72511
1.68739
1.82086
2.71684
2.32004
1.66171
1.73423
2.1042
2.63524
2.56472
1.79054
1.60633
2.36614
1.85892
1.93037
2.05191
1.7486
1.82753
2.37778
2.27605
1.48613
1.56808
2.46624
2.06498
1.62514
1.71186
2.01241
2.65774
2.31886
1.65523
2.0234
1.70887
1.94712
2.64212
2.54258
1.87729
1.70335
2.58435
2.73507
1.74572
1.82822
1.73389
1.76178
2.78427
2.30773
1.58754
1.68407
2.06059
2.55654
2.47875
1.76153
1.58085
2.13554
1.64229
2.00599
2.26401
1.85092
1.73638
2.13409
2.22399
1.56186
1.65821
2.33168
1.97183
1.68942
1.87944
2.05762
2.34106
2.09271
1.62909
2.07343
1.64572
1.86784
2.90853
2.7339
1.84088
1.74005
2.48033
2.87213
1.69522
1.82588
1.68345
1.73687
2.86605
2.3195
1.56178
1.72925
2.11105
2.5045
2.58844
1.91101
1.5978
1.90596
1.66997
2.12014
2.52296
1.97119
1.75445
2.03926
2.14647
1.6973
1.7905
2.32599
1.91921
1.79506
1.93508
2.01747
2.06238
1.98498
1.65346
2.02504
1.79167
1.89943
3.08539
2.84746
1.79784
1.84081
2.46303
2.76902
1.63674
1.76638
1.48191
1.7167
2.97125
2.39366
1.62167
1.763
2.17656
2.42721
2.63068
2.07777
1.69429
1.85113
1.7376
2.10669
2.6315
2.03508
1.74309
2.02817
2.12186
1.6606
1.77994
2.25551
1.85776
1.83081
1.82503
1.8731
1.95513
2.02174
1.74372
1.93371
1.92893
2.04328
2.92198
2.78129
1.78675
1.87312
2.47852
2.64149
1.68632
1.73728
1.34441
1.76116
2.95674
2.41031
1.66006
1.74431
2.16844
2.17538
2.50777
2.15353
1.70265
1.77947
1.75031
2.03721
2.53842
1.9462
1.65137
1.90813
2.38373
1.37555
1.72925
2.03993
1.73821
1.78546
1.78981
1.75208
1.87513
2.0181
1.75979
1.83258
1.8827
2.0361
2.46295
2.6165
1.86931
1.81462
2.39731
2.6135
1.73026
1.72161
1.38441
1.83046
2.91313
2.33797
1.576
1.71001
2.09574
1.91327
2.40228
2.17114
1.5995
1.71248
1.80095
2.06478
2.26436
1.82017
1.72883
2.09453
2.45095
1.48173
1.74015
1.81416
1.65632
1.68968
1.87524
1.81415
1.87564
2.0727
1.77749
1.70903
1.79234
1.86807
2.06739
2.4065
1.98962
2.02561
2.19414
2.34502
1.68808
1.66244
1.44544
1.90778
2.8061
2.28833
1.56788
1.74686
2.13205
1.83527
2.3664
2.1972
1.58649
1.72044
1.88878
2.13856
1.95705
1.75547
1.88814
2.2062
2.27535
1.69063
1.88632
1.90335
1.64708
1.57211
1.90156
2.04481
1.80241
2.2361
1.9277
1.72919
1.75486
1.82947
1.81837
2.22783
2.23131
2.51338
2.07541
2.05348
1.66801
1.64947
1.54735
2.03775
2.76249
2.27553
1.66198
1.7553
2.25877
1.88693
2.32479
2.26029
1.65297
1.69531
2.20408
2.03497
1.69789
1.72631
1.97755
2.2226
2.08773
1.65627
1.97063
2.15264
1.74995
1.46497
1.84682
2.22769
1.72045
2.37119
2.1694
1.78838
1.75908
1.96641
1.67764
2.22778
2.56574
2.75823
2.03476
2.03237
1.69121
1.62796
1.60234
2.07452
2.86037
2.35364
1.61055
1.6891
2.28974
1.9113
2.18742
2.29259
1.62922
1.71747
2.4913
1.93404
1.57754
1.71389
2.05979
2.24641
1.80849
1.57949
2.12042
2.31086
1.87904
1.44191
1.79509
2.30196
1.70811
2.41545
2.3344
1.73877
1.59655
1.88381
1.779
2.40778
2.91957
2.78698
2.00184
1.93812
1.76491
1.57616
1.55306
2.11554
2.87
2.33659
1.56119
1.65052
2.27084
1.87659
2.1184
2.23446
1.61751
1.78816
2.58656
1.90519
1.55457
1.70665
2.1516
2.26078
1.70741
1.61218
2.2981
2.26664
1.83084
1.43864
1.73443
2.2796
1.72359
2.48581
2.49664
1.75365
1.4935
1.69819
1.99154
2.66983
3.31758
3.04602
2.04909
1.84966
1.73533
1.56921
1.51877
2.15366
2.9382
2.16715
1.67755
1.81025
2.31701
1.94428
2.03926
2.03251
1.71112
1.83633
2.66072
1.89299
1.52026
1.66809
2.08828
2.28556
1.77016
1.65877
2.41469
2.12651
1.68437
1.53925
1.73881
2.21267
1.81374
2.59527
2.8171
2.08652
1.59235
1.77735
2.08257
2.79634
3.38801
3.39066
2.24485
1.78871
1.71295
1.75615
1.48181
1.94984
2.79917
2.14113
1.78358
1.80751
2.36817
2.02965
1.89494
1.85136
1.7455
1.81394
2.64508
1.9079
1.69914
1.48192
1.98327
2.34724
1.75584
1.70486
2.57494
2.02048
1.75713
1.72284
1.81145
2.24496
1.99126
2.43795
2.90927
2.37553
1.80013
1.91179
2.04308
2.81775
3.28311
3.50143
2.2955
1.75454
1.74098
2.001
1.46077
1.71265
2.44247
2.14934
1.78913
1.70388
2.38747
2.1475
1.79667
1.88204
1.74067
1.73091
2.56999
2.09161
1.81975
1.59143
1.99824
2.35911
1.68194
1.80382
2.7484
1.99568
1.82228
1.88057
1.78288
2.15856
2.0905
2.10997
2.73621
2.58032
1.8176
1.80256
2.02243
2.81894
3.21065
3.26101
2.26216
1.75415
1.80467
2.09204
1.54037
1.78212
2.45839
2.26832
1.75288
1.73457
2.54179
2.308
1.81132
1.87702
1.73525
1.65552
2.5092
2.22798
1.96395
1.70397
1.91775
2.2412
1.58017
1.93158
2.76249
2.04695
1.68506
2.02575
1.69568
1.94687
1.89088
2.08441
2.71884
2.71145
1.62996
1.82178
1.97844
2.69039
3.22228
3.04762
2.25041
1.74188
2.05113
2.24835
1.63564
1.88139
2.71948
2.36356
1.79162
1.83338
2.74931
2.43231
1.81085
1.71196
1.64066
1.6969
2.46212
2.17655
2.04566
1.67646
1.67779
2.03425
1.45178
1.97855
2.71771
2.02164
1.63989
2.05352
1.7426
1.77911
1.83522
2.23253
2.9819
2.51258
1.48951
2.01029
1.95155
2.34867
3.20747
2.95632
2.26426
1.69984
2.19418
2.28945
1.62035
1.80687
2.81993
2.47779
1.83993
1.88048
2.72606
2.50697
1.75428
1.59624
1.65952
1.70046
2.48126
2.10897
2.23023
1.72238
1.50019
1.87234
1.38209
1.94403
2.72861
2.0968
1.67919
1.98813
1.72286
1.7081
1.79063
2.2233
3.05276
2.15432
1.57333
2.2499
1.8589
2.05955
2.94442
2.88311
2.19627
1.70112
2.11087
2.21818
1.69237
1.69856
2.58824
2.50347
1.94925
1.87446
2.40228
2.52495
1.76827
1.64858
1.80238
1.67225
2.49565
2.27521
2.43605
1.88954
1.60828
1.8305
1.46933
1.987
2.83042
2.23181
1.769
1.88357
1.49431
1.6691
1.76704
2.21791
2.6869
1.89824
1.80683
2.45118
1.70882
1.84296
2.59845
2.78294
1.96549
1.77366
2.13715
2.27398
1.85369
1.73282
2.4102
2.21058
2.01034
1.94554
2.0997
2.55219
1.85775
1.77279
2.00348
1.67456
2.46205
2.39266
2.42368
1.93381
1.64964
1.80499
1.5084
2.03526
2.85285
2.23793
1.93599
1.86486
1.35076
1.75491
1.99636
2.34285
2.21368
1.79015
2.01719
2.55103
1.72128
1.63712
2.3368
2.54408
1.7695
1.77735
2.37016
2.45632
1.89766
1.83138
2.38685
1.85563
1.9467
2.05143
2.07475
2.56535
1.88906
1.80478
2.12323
1.63393
2.39912
2.4134
2.35424
1.81096
1.49578
1.70278
1.50506
2.11104
2.83541
2.3701
2.12528
1.85699
1.53512
1.97425
2.27742
2.50373
1.94785
1.76637
2.23251
2.6078
1.80856
1.54285
2.16787
2.23318
1.65232
1.84121
2.56022
2.57869
1.87857
1.67484
2.46119
1.65326
1.84648
2.20764
2.0288
2.49758
1.86636
1.75884
2.14628
1.58001
2.28534
2.42325
2.35944
1.77578
1.56986
1.65665
1.61609
2.129
2.76332
2.55566
2.35164
1.83418
1.58999
2.12486
2.58907
2.56569
1.80919
1.84185
2.41421
2.59685
1.81151
1.548
2.0781
2.00428
1.54674
1.95208
2.51025
2.60918
1.82867
1.5235
2.65319
1.67197
1.79523
2.41546
1.93647
2.47415
1.85535
1.71562
2.13599
1.61451
2.17512
2.65306
2.51329
1.77863
1.75046
1.79617
1.65719
1.97242
2.55851
2.77644
2.48884
1.6511
1.55003
2.17958
2.86848
2.32645
1.77309
1.92464
2.25332
2.3909
1.78711
1.56664
1.93617
1.92556
1.47013
1.99879
2.54432
2.58189
1.75249
1.66621
2.69592
1.77835
1.76885
2.52574
1.94018
2.52903
1.86214
1.65953
2.06208
1.67458
2.15227
2.85927
2.50127
1.72344
1.72465
1.95564
1.69478
1.8082
2.36159
2.92557
2.62829
1.63155
1.6117
2.36711
3.01981
2.04804
1.84806
1.984
1.93652
2.13571
1.74028
1.67114
1.79205
1.94018
1.5533
2.01461
2.73837
2.48592
1.70386
1.83005
2.6422
1.80601
1.69276
2.49454
1.99031
2.5433
1.9531
1.63386
2.03352
1.76236
2.04768
2.50819
2.23628
1.71053
1.70322
1.98652
1.611
1.64911
2.22484
3.04854
2.70022
1.83453
1.67238
2.48249
2.86226
1.90199
2.07028
2.05688
1.70696
1.98821
1.67899
1.79496
1.85063
1.93223
1.59535
2.03909
2.76138
2.31853
1.73034
1.83009
2.65719
1.83237
1.59798
2.374
2.05675
2.51061
2.06081
1.68361
2.07913
1.94355
1.91533
2.07296
2.10132
1.77291
1.78982
1.89107
1.48461
1.67555
2.16508
2.89706
2.36725
1.95036
1.79119
2.38524
2.58221
1.98965
2.2866
1.96752
1.68452
2.0076
1.65702
1.93574
1.98241
1.77772
1.51289
2.06658
2.51792
2.21967
1.81845
1.75698
2.68937
2.02943
1.59165
2.26171
2.18951
2.466
2.11158
1.76232
2.02015
2.05242
1.89126
1.92747
1.99265
1.95147
2.06627
1.8241
1.55705
1.91629
2.21012
2.39924
1.92071
1.93133
2.00723
2.29146
2.47387
2.1587
2.21748
1.84082
1.74867
2.00142
1.67914
2.06032
1.93761
1.54562
1.49785
2.08833
2.4349
2.26454
1.95084
1.64522
2.41541
2.12291
1.70284
2.24352
2.23599
2.35364
2.07658
1.77044
1.82647
2.0991
1.85846
1.70649
1.94032
2.12766
2.35537
1.76207
1.73574
2.09532
2.26014
1.93181
1.69882
1.75693
2.12892
2.34633
2.60413
2.18402
2.07017
1.83839
1.7168
1.83041
1.69932
2.12644
1.77537
1.44169
1.62785
2.16659
2.49968
2.33444
2.18062
1.53433
2.00651
2.01133
1.74743
2.34297
2.23244
2.21132
2.02024
1.73618
1.62854
1.96546
2.01048
1.53907
1.82024
2.13665
2.37954
1.79778
1.6918
2.05904
2.14385
1.65889
1.57567
1.65815
2.06822
2.42654
2.71562
2.23147
2.14288
1.94484
1.65016
1.69199
1.739
2.11188
1.69568
1.63354
1.92702
2.21675
2.64519
2.50942
2.33471
1.48406
1.78923
2.08562
1.81317
2.4138
2.43828
2.19395
1.93806
1.77081
1.58218
1.82561
2.11927
1.77537
1.71059
2.04893
2.04251
1.87579
1.61558
1.96327
1.89332
1.76439
1.60055
1.65702
2.04649
2.448
2.5696
2.14296
2.37286
2.06583
1.61377
1.69857
1.78038
1.99132
1.60778
1.74824
2.03029
2.18166
2.69258
2.70291
2.39781
1.54088
1.79153
2.24037
1.90615
2.40936
2.72381
2.20874
1.88585
1.87315
1.6448
1.88678
1.97382
1.77903
1.78827
1.91797
1.68946
1.93346
1.71436
1.8658
1.7385
2.0655
1.64455
1.74948
2.20285
2.58771
2.27278
1.94691
2.5521
2.14617
1.60662
1.81345
1.76628
1.74803
1.44453
1.84617
2.12645
2.03047
2.39927
2.70523
2.40724
1.41873
2.00324
2.27979
1.89038
2.26648
2.66537
2.15107
1.89025
1.9184
1.70387
1.88859
1.885
1.79325
1.92791
1.85694
1.56852
2.09965
1.91319
1.7347
1.61445
2.17796
1.59584
1.79016
2.38001
2.71284
2.00266
1.90227
2.56693
2.16366
1.59305
1.87741
1.75947
1.59049
1.44048
2.11256
2.36133
2.04801
2.23576
2.65434
2.3234
1.5432
2.2323
2.4059
1.92946
2.02895
2.33912
2.1934
1.97683
1.8679
1.71192
1.79335
1.97457
1.88784
2.03702
1.87335
1.53697
2.26964
2.14932
1.4961
1.50582
2.14038
1.6394
1.76676
2.38294
2.47225
1.77239
2.02381
2.66562
2.09763
1.60707
2.00814
1.78246
1.67529
1.57759
2.25147
2.47176
2.27076
2.42086
2.53774
2.1258
1.6269
2.36875
2.78205
2.19522
1.93155
2.06163
2.20772
2.05736
1.86544
1.67624
1.84707
2.03753
1.93087
2.00058
1.87408
1.54348
2.32615
2.30901
1.48498
1.51044
2.0504
1.80241
1.83732
2.31431
2.07021
1.68099
2.15937
2.82821
2.05686
1.68597
2.07646
1.80132
1.77139
1.70486
2.34904
2.62848
2.4484
2.31593
2.26241
1.96631
1.55109
2.41571
2.94815
2.40765
1.91676
1.88684
2.09756
2.20549
1.95337
1.63094
1.88496
2.06936
1.88223
2.06011
1.92888
1.50006
2.26203
2.37573
1.59531
1.5314
1.91476
1.96813
1.99956
2.39652
1.88355
1.71762
2.24016
2.70097
2.02699
1.70508
2.05207
1.80041
1.79376
1.79797
2.4426
2.78521
2.41675
1.95729
1.92968
2.02808
1.46221
2.38531
3.0742
2.59057
1.8321
1.80108
1.91728
2.36075
2.03475
1.62421
1.92949
2.13813
1.85806
2.1655
2.03152
1.55525
2.29019
2.48465
1.5881
1.55087
1.82771
2.11105
2.27527
2.52944
1.73832
1.75207
2.36001
2.60212
1.8983
1.69971
2.08198
1.80619
1.82803
1.81876
2.38235
2.76832
2.38514
1.79112
1.82054
2.04251
1.56597
2.39339
3.28774
2.61768
1.78638
1.78897
1.87543
2.46519
2.05415
1.65494
1.99841
2.18434
1.80003
2.12702
1.96909
1.61496
2.319
2.41869
1.49316
1.5244
1.92781
2.26603
2.57264
2.51022
1.66593
1.8359
2.55869
2.51919
1.76075
1.76861
2.11462
1.8191
1.89423
1.82296
2.11837
2.60305
2.47417
1.68695
1.79501
1.83761
1.81936
2.35682
3.12631
2.35885
1.78879
1.87598
2.03248
2.4941
2.00623
1.6803
2.07342
2.1515
1.67901
1.95482
1.83106
1.6953
2.33979
2.2991
1.42999
1.60196
2.02909
2.43082
2.63809
2.34786
1.67123
1.91837
2.64753
2.23497
1.88146
2.014
2.08314
1.88062
2.02406
1.92857
2.02654
2.50842
2.60137
1.58889
1.70768
1.73541
2.00871
2.37487
2.77245
2.04832
1.75196
1.98437
2.26635
2.53321
2.00683
1.61455
2.0209
2.06381
1.65283
1.85367
1.7538
1.80236
2.41641
2.2314
1.43465
1.71808
2.09502
2.48729
2.34921
2.15063
1.69723
2.14705
2.63634
1.99202
2.06227
2.16045
2.0502
2.06582
2.10372
2.01983
2.22627
2.51118
2.55471
1.56353
1.62471
1.7976
1.93503
2.4645
2.53611
1.80737
1.73586
2.05945
2.48605
2.67978
2.04918
1.51348
1.92268
2.02802
1.68915
1.80444
1.68872
1.82888
2.46713
2.15007
1.43572
1.73806
2.22371
2.35583
1.93708
1.91069
1.71055
2.33509
2.60946
1.86108
2.05909
2.09855
2.0193
2.25355
2.11444
2.01746
2.34859
2.51395
2.47003
1.58941
1.65508
1.78172
1.81066
2.5311
2.42785
1.6972
1.77665
2.12793
2.65806
2.79724
1.98369
1.51801
2.00525
2.0443
1.74003
1.86622
1.69414
1.81572
2.55998
2.23551
1.50091
1.63408
2.42191
2.24137
1.74323
1.66354
1.81004
2.49666
2.60634
1.76033
1.97205
1.95562
2.04238
)
;
    }
    sides1_half0
    {
        type            cyclic;
    }
    sides1_half1
    {
        type            cyclic;
    }
    sides2_half0
    {
        type            cyclic;
    }
    sides2_half1
    {
        type            cyclic;
    }
    inout1_half0
    {
        type            cyclic;
    }
    inout1_half1
    {
        type            cyclic;
    }
    inout2_half0
    {
        type            cyclic;
    }
    inout2_half1
    {
        type            cyclic;
    }
}


// ************************************************************************* //
