/*--------------------------------*- C++ -*----------------------------------*\
  =========                 |
  \\      /  F ield         | OpenFOAM: The Open Source CFD Toolbox
   \\    /   O peration     | Website:  https://openfoam.org
    \\  /    A nd           | Version:  10
     \\/     M anipulation  |
\*---------------------------------------------------------------------------*/
FoamFile
{
    format      ascii;
    class       volVectorField;
    location    "42.5";
    object      UWrite;
}
// * * * * * * * * * * * * * * * * * * * * * * * * * * * * * * * * * * * * * //

dimensions      [0 1 -1 0 0 0 0];

internalField   uniform (0 0 0);

boundaryField
{
    bottomWall
    {
        type            calculated;
        value           nonuniform List<vector> 0();
    }
    topWall
    {
        type            calculated;
        value           nonuniform List<vector> 
800
(
(6.95025e-310 4.65557e-310 0)
(0 2.22045e-16 0.025)
(0 0 0.025)
(4.44089e-16 0 0.025)
(-4.44089e-16 0 0.025)
(4.44089e-16 2.22045e-16 0.025)
(0 0 0.025)
(0 0 0.025)
(0 0 0.025)
(0 0 0.025)
(0 2.22045e-16 0.025)
(0 0 0.025)
(0 0 0.025)
(-2.22045e-16 2.22045e-16 0.025)
(0 0 0.025)
(0 2.22045e-16 0.025)
(0 -2.22045e-16 0.025)
(-2.22045e-16 0 0.025)
(-2.22045e-16 2.22045e-16 0.025)
(0 -2.22045e-16 0.025)
(0 2.22045e-16 0.025)
(0 0 0.025)
(2.22045e-16 2.22045e-16 0.025)
(1.11022e-16 -2.22045e-16 0.025)
(1.11022e-16 2.22045e-16 0.025)
(0 0 0.025)
(0 2.22045e-16 0.025)
(1.11022e-16 -2.22045e-16 0.025)
(1.11022e-16 0 0.025)
(5.55112e-17 2.22045e-16 0.025)
(0 0 0.025)
(-5.55112e-17 0 0.025)
(-6.93889e-18 2.22045e-16 0.025)
(-1.38778e-17 -2.22045e-16 0.025)
(0 0 0.025)
(-6.93889e-18 0 0.025)
(-6.93889e-18 -2.22045e-16 0.025)
(1.38778e-17 0 0.025)
(-6.93889e-18 0 0.025)
(0 0 0.025)
(-6.93889e-18 -2.22045e-16 0.025)
(6.93889e-18 0 0.025)
(-6.93889e-18 0 0.025)
(-6.93889e-18 0 0.025)
(0 0 0.025)
(0 4.44089e-16 0.025)
(6.93889e-18 0 0.025)
(-1.38778e-17 -4.44089e-16 0.025)
(0 0 0.025)
(0 -4.44089e-16 0.025)
(-1.38778e-17 0 0.025)
(6.93889e-18 -2.22045e-16 0.025)
(0 4.44089e-16 0.025)
(-6.93889e-18 -2.22045e-16 0.025)
(0 2.22045e-16 0.025)
(-6.93889e-18 -2.22045e-16 0.025)
(0 -4.44089e-16 0.025)
(0 -4.44089e-16 0.025)
(-6.93889e-18 -2.22045e-16 0.025)
(0 0 0.025)
(-6.93889e-18 -4.44089e-16 0.025)
(-6.93889e-18 2.22045e-16 0.025)
(6.93889e-18 2.22045e-16 0.025)
(0 4.44089e-16 0.025)
(-2.77556e-17 2.22045e-16 0.025)
(0 6.66134e-16 0.025)
(5.55112e-17 2.22045e-16 0.025)
(1.11022e-16 6.66134e-16 0.025)
(1.11022e-16 2.22045e-16 0.025)
(1.11022e-16 -2.22045e-16 0.025)
(0 -2.22045e-16 0.025)
(1.11022e-16 0 0.025)
(-1.11022e-16 -2.22045e-16 0.025)
(2.22045e-16 -2.22045e-16 0.025)
(2.22045e-16 -2.22045e-16 0.025)
(0 -2.22045e-16 0.025)
(4.44089e-16 -2.22045e-16 0.025)
(-2.22045e-16 -2.22045e-16 0.025)
(0 2.22045e-16 0.025)
(2.22045e-16 -2.22045e-16 0.025)
(0 -2.22045e-16 0.025)
(2.22045e-16 2.22045e-16 0.025)
(-6.66134e-16 -2.22045e-16 0.025)
(4.44089e-16 2.22045e-16 0.025)
(0 2.22045e-16 0.025)
(0 2.22045e-16 0.025)
(4.44089e-16 2.22045e-16 0.025)
(8.88178e-16 2.22045e-16 0.025)
(-4.44089e-16 2.22045e-16 0.025)
(4.44089e-16 2.22045e-16 0.025)
(4.44089e-16 0 0.025)
(4.44089e-16 2.22045e-16 0.025)
(-4.44089e-16 2.22045e-16 0.025)
(-4.44089e-16 2.22045e-16 0.025)
(4.44089e-16 2.22045e-16 0.025)
(-4.44089e-16 0 0.025)
(0 -2.22045e-16 0.025)
(1.33227e-15 2.22045e-16 0.025)
(-4.44089e-16 2.22045e-16 0.025)
(-4.44089e-16 2.22045e-16 0.025)
(0 0 0.025)
(4.44089e-16 2.22045e-16 0.025)
(0 2.22045e-16 0.025)
(4.44089e-16 0 0.025)
(4.44089e-16 4.44089e-16 0.025)
(0 0 0.025)
(-4.44089e-16 2.22045e-16 0.025)
(-4.44089e-16 -2.22045e-16 0.025)
(0 4.44089e-16 0.025)
(0 0 0.025)
(-8.88178e-16 -2.22045e-16 0.025)
(-4.44089e-16 -4.44089e-16 0.025)
(0 4.44089e-16 0.025)
(1.77636e-15 4.44089e-16 0.025)
(4.44089e-16 0 0.025)
(-8.88178e-16 -2.22045e-16 0.025)
(4.44089e-16 2.22045e-16 0.025)
(-4.44089e-16 -2.22045e-16 0.025)
(-4.44089e-16 -4.44089e-16 0.025)
(-4.44089e-16 -2.22045e-16 0.025)
(-4.44089e-16 4.44089e-16 0.025)
(0 0 0.025)
(0 2.22045e-16 0.025)
(-4.44089e-16 -2.22045e-16 0.025)
(-8.88178e-16 0 0.025)
(0 0 0.025)
(-4.44089e-16 2.22045e-16 0.025)
(0 2.22045e-16 0.025)
(4.44089e-16 0 0.025)
(4.44089e-16 0 0.025)
(-4.44089e-16 2.22045e-16 0.025)
(4.44089e-16 0 0.025)
(-4.44089e-16 4.44089e-16 0.025)
(4.44089e-16 0 0.025)
(0 0 0.025)
(0 2.22045e-16 0.025)
(4.44089e-16 2.22045e-16 0.025)
(4.44089e-16 0 0.025)
(-4.44089e-16 0 0.025)
(0 0 0.025)
(0 0 0.025)
(4.44089e-16 2.22045e-16 0.025)
(-4.44089e-16 0 0.025)
(-8.88178e-16 0 0.025)
(0 2.22045e-16 0.025)
(-8.88178e-16 2.22045e-16 0.025)
(1.33227e-15 2.22045e-16 0.025)
(0 2.22045e-16 0.025)
(-4.44089e-16 2.22045e-16 0.025)
(4.44089e-16 0 0.025)
(4.44089e-16 0 0.025)
(0 2.22045e-16 0.025)
(-4.44089e-16 0 0.025)
(0 0 0.025)
(0 2.22045e-16 0.025)
(0 -2.22045e-16 0.025)
(-6.66134e-16 0 0.025)
(0 -2.22045e-16 0.025)
(2.22045e-16 2.22045e-16 0.025)
(0 4.44089e-16 0.025)
(0 0 0.025)
(0 0 0.025)
(0 2.22045e-16 0.025)
(0 0 0.025)
(-4.44089e-16 -2.22045e-16 0.025)
(-2.22045e-16 -2.22045e-16 0.025)
(2.22045e-16 0 0.025)
(-1.11022e-16 -2.22045e-16 0.025)
(-1.11022e-16 -2.22045e-16 0.025)
(0 -2.22045e-16 0.025)
(0 0 0.025)
(0 2.22045e-16 0.025)
(-2.77556e-17 -2.22045e-16 0.025)
(0 0 0.025)
(0 -2.22045e-16 0.025)
(2.77556e-17 2.22045e-16 0.025)
(-2.77556e-17 0 0.025)
(0 -2.22045e-16 0.025)
(0 -2.22045e-16 0.025)
(-2.77556e-17 2.22045e-16 0.025)
(0 0 0.025)
(0 2.22045e-16 0.025)
(0 0 0.025)
(0 2.22045e-16 0.025)
(0 0 0.025)
(2.77556e-17 0 0.025)
(-2.77556e-17 2.22045e-16 0.025)
(0 -4.44089e-16 0.025)
(0 -2.22045e-16 0.025)
(0 4.44089e-16 0.025)
(0 2.22045e-16 0.025)
(0 2.22045e-16 0.025)
(-2.77556e-17 -2.22045e-16 0.025)
(0 0 0.025)
(2.77556e-17 -2.22045e-16 0.025)
(-2.77556e-17 -4.44089e-16 0.025)
(2.77556e-17 2.22045e-16 0.025)
(0 4.44089e-16 0.025)
(0 -2.22045e-16 0.025)
(0 -4.44089e-16 0.025)
(0 0 0.025)
(0 -4.44089e-16 0.025)
(-5.55112e-17 -2.22045e-16 0.025)
(0 4.44089e-16 0.025)
(-5.55112e-17 2.22045e-16 0.025)
(-1.11022e-16 2.22045e-16 0.025)
(-1.11022e-16 4.44089e-16 0.025)
(-1.11022e-16 -2.22045e-16 0.025)
(0 2.22045e-16 0.025)
(-2.22045e-16 2.22045e-16 0.025)
(0 -2.22045e-16 0.025)
(0 -4.44089e-16 0.025)
(2.22045e-16 -2.22045e-16 0.025)
(-4.44089e-16 -6.66134e-16 0.025)
(-2.22045e-16 -4.44089e-16 0.025)
(2.22045e-16 -4.44089e-16 0.025)
(0 -4.44089e-16 0.025)
(-2.22045e-16 -4.44089e-16 0.025)
(-2.22045e-16 -6.66134e-16 0.025)
(-2.22045e-16 -4.44089e-16 0.025)
(0 0 0.025)
(0 0 0.025)
(-4.44089e-16 -4.44089e-16 0.025)
(0 0 0.025)
(-4.44089e-16 0 0.025)
(-4.44089e-16 0 0.025)
(4.44089e-16 0 0.025)
(-4.44089e-16 0 0.025)
(4.44089e-16 0 0.025)
(8.88178e-16 0 0.025)
(0 0 0.025)
(4.44089e-16 0 0.025)
(4.44089e-16 2.22045e-16 0.025)
(4.44089e-16 0 0.025)
(0 0 0.025)
(4.44089e-16 0 0.025)
(4.44089e-16 0 0.025)
(8.88178e-16 0 0.025)
(4.44089e-16 0 0.025)
(-4.44089e-16 2.22045e-16 0.025)
(-4.44089e-16 0 0.025)
(8.88178e-16 4.44089e-16 0.025)
(0 2.22045e-16 0.025)
(8.88178e-16 6.66134e-16 0.025)
(-8.88178e-16 0 0.025)
(0 0 0.025)
(0 0 0.025)
(4.44089e-16 4.44089e-16 0.025)
(2.22045e-15 4.44089e-16 0.025)
(4.44089e-16 2.22045e-16 0.025)
(8.88178e-16 2.22045e-16 0.025)
(4.44089e-16 -2.22045e-16 0.025)
(-4.44089e-16 -2.22045e-16 0.025)
(0 -4.44089e-16 0.025)
(4.44089e-16 2.22045e-16 0.025)
(8.88178e-16 4.44089e-16 0.025)
(-4.44089e-16 2.22045e-16 0.025)
(-4.44089e-16 0 0.025)
(0 0 0.025)
(0 0 0.025)
(4.44089e-16 0 0.025)
(0 6.66134e-16 0.025)
(4.44089e-16 2.22045e-16 0.025)
(8.88178e-16 2.22045e-16 0.025)
(4.44089e-16 -2.22045e-16 0.025)
(8.88178e-16 2.22045e-16 0.025)
(8.88178e-16 0 0.025)
(-4.44089e-16 2.22045e-16 0.025)
(1.33227e-15 2.22045e-16 0.025)
(-4.44089e-16 2.22045e-16 0.025)
(8.88178e-16 4.44089e-16 0.025)
(8.88178e-16 2.22045e-16 0.025)
(-4.44089e-16 0 0.025)
(-4.44089e-16 0 0.025)
(-4.44089e-16 -2.22045e-16 0.025)
(0 0 0.025)
(-4.44089e-16 0 0.025)
(0 0 0.025)
(8.88178e-16 -2.22045e-16 0.025)
(4.44089e-16 0 0.025)
(0 0 0.025)
(0 0 0.025)
(4.44089e-16 2.22045e-16 0.025)
(0 0 0.025)
(0 0 0.025)
(0 0 0.025)
(-4.44089e-16 0 0.025)
(2.22045e-16 0 0.025)
(-2.22045e-16 0 0.025)
(0 -2.22045e-16 0.025)
(0 2.22045e-16 0.025)
(0 0 0.025)
(0 2.22045e-16 0.025)
(0 -2.22045e-16 0.025)
(0 -2.22045e-16 0.025)
(0 -2.22045e-16 0.025)
(0 0 0.025)
(0 0 0.025)
(1.11022e-16 2.22045e-16 0.025)
(1.11022e-16 -2.22045e-16 0.025)
(1.11022e-16 0 0.025)
(0 2.22045e-16 0.025)
(1.11022e-16 4.44089e-16 0.025)
(0 -4.44089e-16 0.025)
(5.55112e-17 2.22045e-16 0.025)
(2.77556e-17 2.22045e-16 0.025)
(-8.32667e-17 -4.44089e-16 0.025)
(0 -2.22045e-16 0.025)
(0 0 0.025)
(-5.55112e-17 2.22045e-16 0.025)
(0 2.22045e-16 0.025)
(-5.55112e-17 0 0.025)
(-2.77556e-17 0 0.025)
(2.77556e-17 0 0.025)
(0 -4.44089e-16 0.025)
(0 2.22045e-16 0.025)
(-5.55112e-17 -4.44089e-16 0.025)
(-5.55112e-17 2.22045e-16 0.025)
(0 -4.44089e-16 0.025)
(5.55112e-17 0 0.025)
(-2.77556e-17 0 0.025)
(5.55112e-17 -2.22045e-16 0.025)
(0 0 0.025)
(-2.77556e-17 2.22045e-16 0.025)
(2.77556e-17 -2.22045e-16 0.025)
(-5.55112e-17 -4.44089e-16 0.025)
(0 4.44089e-16 0.025)
(-2.77556e-17 -2.22045e-16 0.025)
(0 4.44089e-16 0.025)
(2.77556e-17 0 0.025)
(2.77556e-17 -2.22045e-16 0.025)
(-5.55112e-17 0 0.025)
(-5.55112e-17 -2.22045e-16 0.025)
(-5.55112e-17 -2.22045e-16 0.025)
(0 6.66134e-16 0.025)
(2.22045e-16 6.66134e-16 0.025)
(0 2.22045e-16 0.025)
(1.11022e-16 6.66134e-16 0.025)
(2.22045e-16 2.22045e-16 0.025)
(0 2.22045e-16 0.025)
(0 0 0.025)
(-2.22045e-16 2.22045e-16 0.025)
(0 0 0.025)
(-2.22045e-16 2.22045e-16 0.025)
(0 0 0.025)
(2.22045e-16 0 0.025)
(-2.22045e-16 4.44089e-16 0.025)
(0 4.44089e-16 0.025)
(2.22045e-16 2.22045e-16 0.025)
(0 0 0.025)
(4.44089e-16 8.88178e-16 0.025)
(-4.44089e-16 0 0.025)
(4.44089e-16 8.88178e-16 0.025)
(0 8.88178e-16 0.025)
(4.44089e-16 2.22045e-16 0.025)
(0 6.66134e-16 0.025)
(8.88178e-16 2.22045e-16 0.025)
(4.44089e-16 4.44089e-16 0.025)
(0 8.88178e-16 0.025)
(4.44089e-16 0 0.025)
(-8.88178e-16 4.44089e-16 0.025)
(-4.44089e-16 0 0.025)
(4.44089e-16 8.88178e-16 0.025)
(8.88178e-16 8.88178e-16 0.025)
(-4.44089e-16 -2.22045e-16 0.025)
(8.88178e-16 8.88178e-16 0.025)
(0 0 0.025)
(-8.88178e-16 -2.22045e-16 0.025)
(-4.44089e-16 2.22045e-16 0.025)
(4.44089e-16 0 0.025)
(4.44089e-16 4.44089e-16 0.025)
(0 -2.22045e-16 0.025)
(0 -2.22045e-16 0.025)
(0 -2.22045e-16 0.025)
(4.44089e-16 2.22045e-16 0.025)
(0 2.22045e-16 0.025)
(-8.88178e-16 -2.22045e-16 0.025)
(4.44089e-16 0 0.025)
(-4.44089e-16 4.44089e-16 0.025)
(0 0 0.025)
(-4.44089e-16 0 0.025)
(0 0 0.025)
(8.88178e-16 2.22045e-16 0.025)
(0 -2.22045e-16 0.025)
(-8.88178e-16 0 0.025)
(0 0 0.025)
(-4.44089e-16 2.22045e-16 0.025)
(0 4.44089e-16 0.025)
(-8.88178e-16 -2.22045e-16 0.025)
(0 -2.22045e-16 0.025)
(4.44089e-16 -2.22045e-16 0.025)
(-4.44089e-16 -2.22045e-16 0.025)
(0 0 0.025)
(-4.44089e-16 0 0.025)
(4.44089e-16 0 0.025)
(8.88178e-16 2.22045e-16 0.025)
(0 0 0.025)
(4.44089e-16 0 0.025)
(8.88178e-16 2.22045e-16 0.025)
(0 0 0.025)
(4.44089e-16 0 0.025)
(-8.88178e-16 0 0.025)
(-8.88178e-16 -2.22045e-16 0.025)
(0 0 0.025)
(4.44089e-16 0 0.025)
(4.44089e-16 2.22045e-16 0.025)
(4.44089e-16 2.22045e-16 0.025)
(-4.44089e-16 -2.22045e-16 0.025)
(4.44089e-16 0 0.025)
(-4.44089e-16 0 0.025)
(0 2.22045e-16 0.025)
(4.44089e-16 0 0.025)
(0 0 0.025)
(4.44089e-16 0 0.025)
(2.22045e-16 2.22045e-16 0.025)
(0 0 0.025)
(-2.22045e-16 0 0.025)
(-2.22045e-16 0 0.025)
(2.22045e-16 0 0.025)
(2.22045e-16 2.22045e-16 0.025)
(0 0 0.025)
(0 2.22045e-16 0.025)
(0 0 0.025)
(-1.11022e-16 -2.22045e-16 0.025)
(0 2.22045e-16 0.025)
(1.11022e-16 -2.22045e-16 0.025)
(1.11022e-16 0 0.025)
(0 -2.22045e-16 0.025)
(-5.55112e-17 0 0.025)
(-5.55112e-17 -4.44089e-16 0.025)
(5.55112e-17 2.22045e-16 0.025)
(0 0 0.025)
(-5.55112e-17 4.44089e-16 0.025)
(-5.55112e-17 -2.22045e-16 0.025)
(0 0 0.025)
(5.55112e-17 0 0.025)
(5.55112e-17 0 0.025)
(5.55112e-17 -2.22045e-16 0.025)
(5.55112e-17 2.22045e-16 0.025)
(5.55112e-17 -2.22045e-16 0.025)
(-5.55112e-17 0 0.025)
(0 0 0.025)
(5.55112e-17 4.44089e-16 0.025)
(1.11022e-16 0 0.025)
(5.55112e-17 2.22045e-16 0.025)
(5.55112e-17 2.22045e-16 0.025)
(0 -2.22045e-16 0.025)
(-5.55112e-17 0 0.025)
(-5.55112e-17 0 0.025)
(0 -2.22045e-16 0.025)
(-5.55112e-17 -6.66134e-16 0.025)
(-5.55112e-17 2.22045e-16 0.025)
(0 -2.22045e-16 0.025)
(-5.55112e-17 2.22045e-16 0.025)
(0 -2.22045e-16 0.025)
(0 -2.22045e-16 0.025)
(0 -2.22045e-16 0.025)
(-1.11022e-16 -2.22045e-16 0.025)
(2.22045e-16 0 0.025)
(-2.22045e-16 -4.44089e-16 0.025)
(2.22045e-16 0 0.025)
(0 -2.22045e-16 0.025)
(-2.22045e-16 -2.22045e-16 0.025)
(-2.22045e-16 0 0.025)
(-2.22045e-16 0 0.025)
(-2.22045e-16 2.22045e-16 0.025)
(0 -2.22045e-16 0.025)
(-2.22045e-16 0 0.025)
(-2.22045e-16 0 0.025)
(-4.44089e-16 -2.22045e-16 0.025)
(-8.88178e-16 -2.22045e-16 0.025)
(-4.44089e-16 4.44089e-16 0.025)
(0 0 0.025)
(-4.44089e-16 4.44089e-16 0.025)
(0 4.44089e-16 0.025)
(-1.33227e-15 -4.44089e-16 0.025)
(0 2.22045e-16 0.025)
(0 0 0.025)
(0 0 0.025)
(8.88178e-16 6.66134e-16 0.025)
(-8.88178e-16 -4.44089e-16 0.025)
(0 0 0.025)
(-4.44089e-16 -2.22045e-16 0.025)
(8.88178e-16 0 0.025)
(4.44089e-16 4.44089e-16 0.025)
(0 -2.22045e-16 0.025)
(-4.44089e-16 2.22045e-16 0.025)
(-4.44089e-16 2.22045e-16 0.025)
(1.33227e-15 2.22045e-16 0.025)
(4.44089e-16 8.88178e-16 0.025)
(0 2.22045e-16 0.025)
(-4.44089e-16 -2.22045e-16 0.025)
(-4.44089e-16 -2.22045e-16 0.025)
(8.88178e-16 4.44089e-16 0.025)
(1.77636e-15 4.44089e-16 0.025)
(8.88178e-16 4.44089e-16 0.025)
(4.44089e-16 2.22045e-16 0.025)
(1.33227e-15 2.22045e-16 0.025)
(4.44089e-16 -2.22045e-16 0.025)
(0 -2.22045e-16 0.025)
(0 0 0.025)
(8.88178e-16 4.44089e-16 0.025)
(8.88178e-16 2.22045e-16 0.025)
(4.44089e-16 4.44089e-16 0.025)
(4.44089e-16 0 0.025)
(4.44089e-16 4.44089e-16 0.025)
(-4.44089e-16 0 0.025)
(8.88178e-16 4.44089e-16 0.025)
(4.44089e-16 2.22045e-16 0.025)
(8.88178e-16 2.22045e-16 0.025)
(-1.33227e-15 -4.44089e-16 0.025)
(-8.88178e-16 2.22045e-16 0.025)
(8.88178e-16 0 0.025)
(8.88178e-16 -2.22045e-16 0.025)
(0 2.22045e-16 0.025)
(-8.88178e-16 -2.22045e-16 0.025)
(-4.44089e-16 2.22045e-16 0.025)
(4.44089e-16 0 0.025)
(0 -2.22045e-16 0.025)
(0 -2.22045e-16 0.025)
(0 0 0.025)
(4.44089e-16 2.22045e-16 0.025)
(4.44089e-16 0 0.025)
(0 -2.22045e-16 0.025)
(-4.44089e-16 -2.22045e-16 0.025)
(4.44089e-16 -2.22045e-16 0.025)
(-4.44089e-16 -2.22045e-16 0.025)
(0 0 0.025)
(4.44089e-16 2.22045e-16 0.025)
(2.22045e-16 0 0.025)
(-4.44089e-16 0 0.025)
(-4.44089e-16 -2.22045e-16 0.025)
(-2.22045e-16 2.22045e-16 0.025)
(2.22045e-16 2.22045e-16 0.025)
(-2.22045e-16 -4.44089e-16 0.025)
(2.22045e-16 2.22045e-16 0.025)
(-2.22045e-16 -4.44089e-16 0.025)
(2.22045e-16 2.22045e-16 0.025)
(0 -2.22045e-16 0.025)
(1.11022e-16 -2.22045e-16 0.025)
(1.11022e-16 2.22045e-16 0.025)
(1.11022e-16 0 0.025)
(1.11022e-16 -2.22045e-16 0.025)
(0 -2.22045e-16 0.025)
(-5.55112e-17 0 0.025)
(5.55112e-17 0 0.025)
(0 2.22045e-16 0.025)
(1.11022e-16 0 0.025)
(5.55112e-17 0 0.025)
(0 0 0.025)
(-5.55112e-17 -2.22045e-16 0.025)
(0 -4.44089e-16 0.025)
(1.66533e-16 2.22045e-16 0.025)
(0 0 0.025)
(1.11022e-16 0 0.025)
(-5.55112e-17 0 0.025)
(-1.11022e-16 -2.22045e-16 0.025)
(1.11022e-16 6.66134e-16 0.025)
(0 -2.22045e-16 0.025)
(0 2.22045e-16 0.025)
(0 -4.44089e-16 0.025)
(1.66533e-16 0 0.025)
(-1.11022e-16 -4.44089e-16 0.025)
(0 0 0.025)
(1.11022e-16 0 0.025)
(-1.11022e-16 -2.22045e-16 0.025)
(5.55112e-17 2.22045e-16 0.025)
(1.11022e-16 4.44089e-16 0.025)
(0 2.22045e-16 0.025)
(0 6.66134e-16 0.025)
(1.11022e-16 2.22045e-16 0.025)
(2.22045e-16 4.44089e-16 0.025)
(2.22045e-16 4.44089e-16 0.025)
(4.44089e-16 0 0.025)
(2.22045e-16 4.44089e-16 0.025)
(-2.22045e-16 0 0.025)
(4.44089e-16 4.44089e-16 0.025)
(-2.22045e-16 0 0.025)
(0 0 0.025)
(6.66134e-16 4.44089e-16 0.025)
(2.22045e-16 2.22045e-16 0.025)
(6.66134e-16 2.22045e-16 0.025)
(-4.44089e-16 0 0.025)
(-4.44089e-16 0 0.025)
(-4.44089e-16 4.44089e-16 0.025)
(0 0 0.025)
(-8.88178e-16 0 0.025)
(-4.44089e-16 0 0.025)
(-8.88178e-16 0 0.025)
(-4.44089e-16 4.44089e-16 0.025)
(-4.44089e-16 0 0.025)
(-4.44089e-16 0 0.025)
(-4.44089e-16 2.22045e-16 0.025)
(-8.88178e-16 0 0.025)
(0 4.44089e-16 0.025)
(0 0 0.025)
(4.44089e-16 0 0.025)
(4.44089e-16 0 0.025)
(0 2.22045e-16 0.025)
(0 -4.44089e-16 0.025)
(8.88178e-16 4.44089e-16 0.025)
(4.44089e-16 0 0.025)
(-4.44089e-16 -4.44089e-16 0.025)
(4.44089e-16 2.22045e-16 0.025)
(8.88178e-16 4.44089e-16 0.025)
(0 0 0.025)
(1.33227e-15 4.44089e-16 0.025)
(4.44089e-16 0 0.025)
(4.44089e-16 -2.22045e-16 0.025)
(8.88178e-16 0 0.025)
(-8.88178e-16 -4.44089e-16 0.025)
(4.44089e-16 2.22045e-16 0.025)
(4.44089e-16 0 0.025)
(-8.88178e-16 -2.22045e-16 0.025)
(0 -2.22045e-16 0.025)
(0 2.22045e-16 0.025)
(4.44089e-16 0 0.025)
(4.44089e-16 0 0.025)
(0 2.22045e-16 0.025)
(1.33227e-15 2.22045e-16 0.025)
(4.44089e-16 2.22045e-16 0.025)
(8.88178e-16 2.22045e-16 0.025)
(-4.44089e-16 -4.44089e-16 0.025)
(4.44089e-16 2.22045e-16 0.025)
(0 2.22045e-16 0.025)
(4.44089e-16 0 0.025)
(0 2.22045e-16 0.025)
(0 -2.22045e-16 0.025)
(8.88178e-16 2.22045e-16 0.025)
(4.44089e-16 0 0.025)
(8.88178e-16 0 0.025)
(8.88178e-16 2.22045e-16 0.025)
(4.44089e-16 -2.22045e-16 0.025)
(4.44089e-16 0 0.025)
(4.44089e-16 2.22045e-16 0.025)
(2.22045e-16 -2.22045e-16 0.025)
(0 2.22045e-16 0.025)
(0 0 0.025)
(-6.66134e-16 0 0.025)
(4.44089e-16 0 0.025)
(-2.22045e-16 0 0.025)
(0 2.22045e-16 0.025)
(0 -2.22045e-16 0.025)
(-2.22045e-16 0 0.025)
(0 0 0.025)
(1.11022e-16 0 0.025)
(-1.11022e-16 -2.22045e-16 0.025)
(-1.11022e-16 -2.22045e-16 0.025)
(1.11022e-16 0 0.025)
(-1.11022e-16 -4.44089e-16 0.025)
(-1.11022e-16 2.22045e-16 0.025)
(-1.11022e-16 2.22045e-16 0.025)
(-1.11022e-16 2.22045e-16 0.025)
(0 2.22045e-16 0.025)
(-1.11022e-16 2.22045e-16 0.025)
(1.11022e-16 2.22045e-16 0.025)
(0 -2.22045e-16 0.025)
(-2.22045e-16 0 0.025)
(1.11022e-16 -2.22045e-16 0.025)
(-1.11022e-16 0 0.025)
(1.11022e-16 2.22045e-16 0.025)
(-1.11022e-16 0 0.025)
(0 -2.22045e-16 0.025)
(0 -2.22045e-16 0.025)
(0 -2.22045e-16 0.025)
(-1.11022e-16 -2.22045e-16 0.025)
(0 -4.44089e-16 0.025)
(-1.11022e-16 -2.22045e-16 0.025)
(1.11022e-16 2.22045e-16 0.025)
(0 0 0.025)
(-1.11022e-16 2.22045e-16 0.025)
(-1.11022e-16 2.22045e-16 0.025)
(0 2.22045e-16 0.025)
(0 0 0.025)
(-1.11022e-16 2.22045e-16 0.025)
(0 2.22045e-16 0.025)
(-2.22045e-16 6.66134e-16 0.025)
(2.22045e-16 2.22045e-16 0.025)
(4.44089e-16 6.66134e-16 0.025)
(-2.22045e-16 2.22045e-16 0.025)
(2.22045e-16 0 0.025)
(0 6.66134e-16 0.025)
(0 2.22045e-16 0.025)
(2.22045e-16 4.44089e-16 0.025)
(2.22045e-16 2.22045e-16 0.025)
(0 2.22045e-16 0.025)
(-4.44089e-16 2.22045e-16 0.025)
(0 4.44089e-16 0.025)
(0 0 0.025)
(0 2.22045e-16 0.025)
(-4.44089e-16 0 0.025)
(0 4.44089e-16 0.025)
(0 2.22045e-16 0.025)
(4.44089e-16 0 0.025)
(4.44089e-16 2.22045e-16 0.025)
(-4.44089e-16 2.22045e-16 0.025)
(4.44089e-16 0 0.025)
(0 4.44089e-16 0.025)
(0 0 0.025)
(4.44089e-16 2.22045e-16 0.025)
(1.33227e-15 2.22045e-16 0.025)
(8.88178e-16 2.22045e-16 0.025)
(0 -4.44089e-16 0.025)
(0 -6.66134e-16 0.025)
(4.44089e-16 4.44089e-16 0.025)
(1.33227e-15 2.22045e-16 0.025)
(0 2.22045e-16 0.025)
(0 -2.22045e-16 0.025)
(4.44089e-16 0 0.025)
(8.88178e-16 4.44089e-16 0.025)
(1.33227e-15 -2.22045e-16 0.025)
(-4.44089e-16 0 0.025)
(0 2.22045e-16 0.025)
(1.33227e-15 4.44089e-16 0.025)
(4.44089e-16 0 0.025)
(-4.44089e-16 -2.22045e-16 0.025)
(0 2.22045e-16 0.025)
(0 0 0.025)
(4.44089e-16 2.22045e-16 0.025)
(4.44089e-16 0 0.025)
(4.44089e-16 0 0.025)
(0 -2.22045e-16 0.025)
(0 0 0.025)
(4.44089e-16 0 0.025)
(0 0 0.025)
(4.44089e-16 2.22045e-16 0.025)
(0 -2.22045e-16 0.025)
(0 0 0.025)
(4.44089e-16 2.22045e-16 0.025)
(4.44089e-16 2.22045e-16 0.025)
(4.44089e-16 2.22045e-16 0.025)
(0 -2.22045e-16 0.025)
(0 0 0.025)
(0 0 0.025)
(4.44089e-16 2.22045e-16 0.025)
(0 2.22045e-16 0.025)
(-2.22045e-16 0 0.025)
(0 2.22045e-16 0.025)
(-4.44089e-16 0 0.025)
(2.22045e-16 2.22045e-16 0.025)
(0 2.22045e-16 0.025)
(2.22045e-16 0 0.025)
(0 4.44089e-16 0.025)
(0 -2.22045e-16 0.025)
(2.22045e-16 -2.22045e-16 0.025)
(1.11022e-16 2.22045e-16 0.025)
(-1.11022e-16 0 0.025)
(0 -2.22045e-16 0.025)
(-2.22045e-16 0 0.025)
(1.11022e-16 2.22045e-16 0.025)
(0 0 0.025)
(1.11022e-16 2.22045e-16 0.025)
(0 -2.22045e-16 0.025)
(1.11022e-16 -2.22045e-16 0.025)
(2.22045e-16 2.22045e-16 0.025)
(0 -2.22045e-16 0.025)
(-1.11022e-16 -2.22045e-16 0.025)
(1.11022e-16 -2.22045e-16 0.025)
(0 0 0.025)
(1.11022e-16 0 0.025)
(0 -2.22045e-16 0.025)
(0 -2.22045e-16 0.025)
(-1.11022e-16 -2.22045e-16 0.025)
(1.11022e-16 -2.22045e-16 0.025)
(-1.11022e-16 -2.22045e-16 0.025)
(0 0 0.025)
(1.11022e-16 -4.44089e-16 0.025)
(-1.11022e-16 0 0.025)
(1.11022e-16 0 0.025)
(1.11022e-16 4.44089e-16 0.025)
(2.22045e-16 2.22045e-16 0.025)
(-2.22045e-16 0 0.025)
(4.44089e-16 4.44089e-16 0.025)
(2.22045e-16 0 0.025)
(-2.22045e-16 2.22045e-16 0.025)
(0 2.22045e-16 0.025)
(-2.22045e-16 2.22045e-16 0.025)
(2.22045e-16 2.22045e-16 0.025)
(4.44089e-16 0 0.025)
(2.22045e-16 4.44089e-16 0.025)
(0 2.22045e-16 0.025)
(0 4.44089e-16 0.025)
(4.44089e-16 0 0.025)
(0 4.44089e-16 0.025)
(4.44089e-16 6.66134e-16 0.025)
(4.44089e-16 4.44089e-16 0.025)
(4.44089e-16 6.66134e-16 0.025)
(-4.44089e-16 0 0.025)
(0 6.66134e-16 0.025)
(0 2.22045e-16 0.025)
(4.44089e-16 6.66134e-16 0.025)
(4.44089e-16 6.66134e-16 0.025)
(0 0 0.025)
(1.77636e-15 8.88178e-16 0.025)
(4.44089e-16 -2.22045e-16 0.025)
(-4.44089e-16 -2.22045e-16 0.025)
(4.44089e-16 0 0.025)
(-4.44089e-16 4.44089e-16 0.025)
(8.88178e-16 4.44089e-16 0.025)
(4.44089e-16 4.44089e-16 0.025)
)
;
    }
    sides1_half0
    {
        type            cyclic;
    }
    sides1_half1
    {
        type            cyclic;
    }
    sides2_half0
    {
        type            cyclic;
    }
    sides2_half1
    {
        type            cyclic;
    }
    inout1_half0
    {
        type            cyclic;
    }
    inout1_half1
    {
        type            cyclic;
    }
    inout2_half0
    {
        type            cyclic;
    }
    inout2_half1
    {
        type            cyclic;
    }
    procBoundary1to0
    {
        type            processor;
        value           uniform (6.95025e-310 6.95025e-310 4.65557e-310);
    }
    procBoundary1to3
    {
        type            processor;
        value           nonuniform List<vector> 
1280
(
(6.95025e-310 6.95025e-310 4.65557e-310)
(4.65557e-310 0.00155933 0)
(0 0.00171536 0)
(0 0.00188702 0)
(0 0.00207585 0)
(0 0.00228357 0)
(0 0.00251208 0)
(0 0.00276346 0)
(0 0.00303999 0)
(0 0.00334419 0)
(0 0.00367884 0)
(0 0.00404697 0)
(0 0.00404697 0)
(0 0.00404697 0)
(0 0.00404697 0)
(0 0.00404697 0)
(0 0.00404697 0)
(0 0.00404697 0)
(0 0.00404697 0)
(0 0.00404697 0)
(0 0.00404697 0)
(0 0.00404697 0)
(0 0.00404697 0)
(0 0.00404697 0)
(0 0.00404697 0)
(0 0.00404697 0)
(0 0.00404697 0)
(0 0.00404697 0)
(0 0.00404697 0)
(0 0.00404697 0)
(0 0.00404697 0)
(0 0.00404697 0)
(0 0.00404697 0)
(0 0.00404697 0)
(0 0.00367884 0)
(0 0.00334419 0)
(0 0.00303999 0)
(0 0.00276346 0)
(0 0.00251208 0)
(0 0.00228357 0)
(0 0.00207585 0)
(0 0.00188702 0)
(0 0.00171536 0)
(0 0.00155933 0)
(0 0.00141748 0)
(0 0.00128854 0)
(0 0.00117133 0)
(0 0.00117133 0)
(0 0.00117133 0)
(0 0.00117133 0)
(0 0.00117133 0)
(0 0.00117133 0)
(0 0.00117133 0)
(0 0.00117133 0)
(0 0.00117133 0)
(0 0.00117133 0)
(0 0.00117133 0)
(0 0.00117133 0)
(0 0.00117133 0)
(0 0.00117133 0)
(0 0.00117133 0)
(0 0.00117133 0)
(0 0.00117133 0)
(0 0.00117133 0)
(0 0.00117133 0)
(0 0.00117133 0)
(0 0.00117133 0)
(0 0.00117133 0)
(0 0.00128854 0)
(0 0.00141748 0)
(0 0.00155933 0)
(0 0.00171536 0)
(0 0.00188702 0)
(0 0.00207585 0)
(0 0.00228357 0)
(0 0.00251208 0)
(0 0.00276346 0)
(0 0.00303999 0)
(0 0.00334419 0)
(0 0.00367884 0)
(0 0.00367884 0)
(0 0.00367884 0)
(0 0.00367884 0)
(0 0.00367884 0)
(0 0.00367884 0)
(0 0.00367884 0)
(0 0.00367884 0)
(0 0.00367884 0)
(0 0.00367884 0)
(0 0.00367884 0)
(0 0.00367884 0)
(0 0.00367884 0)
(0 0.00367884 0)
(0 0.00367884 0)
(0 0.00367884 0)
(0 0.00367884 0)
(0 0.00367884 0)
(0 0.00367884 0)
(0 0.00367884 0)
(0 0.00367884 0)
(0 0.00334419 0)
(0 0.00303999 0)
(0 0.00276346 0)
(0 0.00251208 0)
(0 0.00228357 0)
(0 0.00207585 0)
(0 0.00188702 0)
(0 0.00171536 0)
(0 0.00155933 0)
(0 0.00141748 0)
(0 0.00128854 0)
(0 0.00128854 0)
(0 0.00128854 0)
(0 0.00128854 0)
(0 0.00128854 0)
(0 0.00128854 0)
(0 0.00128854 0)
(0 0.00128854 0)
(0 0.00128854 0)
(0 0.00128854 0)
(0 0.00128854 0)
(0 0.00128854 0)
(0 0.00128854 0)
(0 0.00128854 0)
(0 0.00128854 0)
(0 0.00128854 0)
(0 0.00128854 0)
(0 0.00128854 0)
(0 0.00128854 0)
(0 0.00128854 0)
(0 0.00141748 0)
(0 0.00155933 0)
(0 0.00171536 0)
(0 0.00188702 0)
(0 0.00207585 0)
(0 0.00228357 0)
(0 0.00251208 0)
(0 0.00276346 0)
(0 0.00303999 0)
(0 0.00334419 0)
(0 0.00334419 0)
(0 0.00334419 0)
(0 0.00334419 0)
(0 0.00334419 0)
(0 0.00334419 0)
(0 0.00334419 0)
(0 0.00334419 0)
(0 0.00334419 0)
(0 0.00334419 0)
(0 0.00334419 0)
(0 0.00334419 0)
(0 0.00334419 0)
(0 0.00334419 0)
(0 0.00334419 0)
(0 0.00334419 0)
(0 0.00334419 0)
(0 0.00334419 0)
(0 0.00334419 0)
(0 0.00303999 0)
(0 0.00276346 0)
(0 0.00251208 0)
(0 0.00228357 0)
(0 0.00207585 0)
(0 0.00188702 0)
(0 0.00171536 0)
(0 0.00155933 0)
(0 0.00141748 0)
(0 0.00141748 0)
(0 0.00141748 0)
(0 0.00141748 0)
(0 0.00141748 0)
(0 0.00141748 0)
(0 0.00141748 0)
(0 0.00141748 0)
(0 0.00141748 0)
(0 0.00141748 0)
(0 0.00141748 0)
(0 0.00141748 0)
(0 0.00141748 0)
(0 0.00141748 0)
(0 0.00141748 0)
(0 0.00141748 0)
(0 0.00141748 0)
(0 0.00141748 0)
(0 0.00155933 0)
(0 0.00171536 0)
(0 0.00188702 0)
(0 0.00207585 0)
(0 0.00228357 0)
(0 0.00251208 0)
(0 0.00276346 0)
(0 0.00303999 0)
(0 0.00303999 0)
(0 0.00303999 0)
(0 0.00303999 0)
(0 0.00303999 0)
(0 0.00303999 0)
(0 0.00303999 0)
(0 0.00303999 0)
(0 0.00303999 0)
(0 0.00303999 0)
(0 0.00303999 0)
(0 0.00303999 0)
(0 0.00303999 0)
(0 0.00303999 0)
(0 0.00303999 0)
(0 0.00303999 0)
(0 0.00303999 0)
(0 0.00276346 0)
(0 0.00251208 0)
(0 0.00228357 0)
(0 0.00207585 0)
(0 0.00188702 0)
(0 0.00171536 0)
(0 0.00155933 0)
(0 0.00155933 0)
(0 0.00155933 0)
(0 0.00155933 0)
(0 0.00155933 0)
(0 0.00155933 0)
(0 0.00155933 0)
(0 0.00155933 0)
(0 0.00155933 0)
(0 0.00155933 0)
(0 0.00155933 0)
(0 0.00155933 0)
(0 0.00155933 0)
(0 0.00155933 0)
(0 0.00155933 0)
(0 0.00155933 0)
(0 0.00171536 0)
(0 0.00188702 0)
(0 0.00207585 0)
(0 0.00228357 0)
(0 0.00251208 0)
(0 0.00276346 0)
(0 0.00276346 0)
(0 0.00276346 0)
(0 0.00276346 0)
(0 0.00276346 0)
(0 0.00276346 0)
(0 0.00276346 0)
(0 0.00276346 0)
(0 0.00276346 0)
(0 0.00276346 0)
(0 0.00276346 0)
(0 0.00276346 0)
(0 0.00276346 0)
(0 0.00276346 0)
(0 0.00276346 0)
(0 0.00251208 0)
(0 0.00228357 0)
(0 0.00207585 0)
(0 0.00188702 0)
(0 0.00171536 0)
(0 0.00171536 0)
(0 0.00171536 0)
(0 0.00171536 0)
(0 0.00171536 0)
(0 0.00171536 0)
(0 0.00171536 0)
(0 0.00171536 0)
(0 0.00171536 0)
(0 0.00171536 0)
(0 0.00171536 0)
(0 0.00171536 0)
(0 0.00171536 0)
(0 0.00171536 0)
(0 0.00188702 0)
(0 0.00207585 0)
(0 0.00228357 0)
(0 0.00251208 0)
(0 0.00251208 0)
(0 0.00251208 0)
(0 0.00251208 0)
(0 0.00251208 0)
(0 0.00251208 0)
(0 0.00251208 0)
(0 0.00251208 0)
(0 0.00251208 0)
(0 0.00251208 0)
(0 0.00251208 0)
(0 0.00251208 0)
(0 0.00251208 0)
(0 0.00228357 0)
(0 0.00207585 0)
(0 0.00188702 0)
(0 0.00188702 0)
(0 0.00188702 0)
(0 0.00188702 0)
(0 0.00188702 0)
(0 0.00188702 0)
(0 0.00188702 0)
(0 0.00188702 0)
(0 0.00188702 0)
(0 0.00188702 0)
(0 0.00188702 0)
(0 0.00188702 0)
(0 0.00207585 0)
(0 0.00228357 0)
(0 0.00228357 0)
(0 0.00228357 0)
(0 0.00228357 0)
(0 0.00228357 0)
(0 0.00228357 0)
(0 0.00228357 0)
(0 0.00228357 0)
(0 0.00228357 0)
(0 0.00228357 0)
(0 0.00228357 0)
(0 0.00207585 0)
(0 0.00207585 0)
(0 0.00207585 0)
(0 0.00207585 0)
(0 0.00207585 0)
(0 0.00207585 0)
(0 0.00207585 0)
(0 0.00207585 0)
(0 0.00207585 0)
(0 0.00207585 2.71615e-311)
(3.25 1.04774 1.975)
(3.15 1.04774 1.975)
(3.05 1.04774 1.975)
(2.95 1.04774 1.975)
(2.85 1.04774 1.975)
(2.75 1.04774 1.975)
(2.65 1.04774 1.975)
(2.55 1.04774 1.975)
(2.45 1.04774 1.975)
(2.35 1.04774 1.975)
(2.25 1.04774 1.975)
(2.15 1.04774 1.975)
(2.05 1.04774 1.975)
(1.95 1.04774 1.975)
(1.85 1.04774 1.975)
(1.75 1.04774 1.975)
(1.65 1.04774 1.975)
(1.55 1.04774 1.975)
(1.45 1.04774 1.975)
(1.35 1.04774 1.975)
(1.25 1.04774 1.975)
(1.15 1.04774 1.975)
(1.05 1.04774 1.975)
(0.95 1.04774 1.975)
(0.85 1.04774 1.975)
(0.75 1.04774 1.975)
(0.65 1.04774 1.975)
(0.55 1.04774 1.975)
(0.45 1.04774 1.975)
(0.35 1.04774 1.975)
(0.25 1.04774 1.975)
(0.15 1.04774 1.975)
(0.05 1.04774 1.975)
(0.05 1.13887 1.975)
(0.05 1.22172 1.975)
(0.05 1.29703 1.975)
(0.05 1.36549 1.975)
(0.05 1.42772 1.975)
(0.05 1.48429 1.975)
(0.05 1.53571 1.975)
(0.05 1.58246 1.975)
(0.05 1.62496 1.975)
(0.05 1.66358 1.975)
(0.05 1.6987 1.975)
(0.05 1.73062 1.975)
(0.05 1.75964 1.975)
(0.05 1.78602 1.975)
(0.05 1.80999 1.975)
(0.05 1.83179 1.975)
(0.05 1.85161 1.975)
(0.05 1.86962 1.975)
(0.05 1.88599 1.975)
(0.05 1.90087 1.975)
(0.05 1.9144 1.975)
(0.05 1.9267 1.975)
(0.05 1.93788 1.975)
(0.05 1.94805 1.975)
(0.05 1.95729 1.975)
(0.05 1.96569 1.975)
(0.05 1.97332 1.975)
(0.05 1.98026 1.975)
(0.05 1.98657 1.975)
(0.05 1.9923 1.975)
(0.05 1.99752 1.975)
(0.15 1.99752 1.975)
(0.25 1.99752 1.975)
(0.35 1.99752 1.975)
(0.45 1.99752 1.975)
(0.55 1.99752 1.975)
(0.65 1.99752 1.975)
(0.75 1.99752 1.975)
(0.85 1.99752 1.975)
(0.95 1.99752 1.975)
(1.05 1.99752 1.975)
(1.15 1.99752 1.975)
(1.25 1.99752 1.975)
(1.35 1.99752 1.975)
(1.45 1.99752 1.975)
(1.55 1.99752 1.975)
(1.65 1.99752 1.975)
(1.75 1.99752 1.975)
(1.85 1.99752 1.975)
(1.95 1.99752 1.975)
(2.05 1.99752 1.975)
(2.15 1.99752 1.975)
(2.25 1.99752 1.975)
(2.35 1.99752 1.975)
(2.45 1.99752 1.975)
(2.55 1.99752 1.975)
(2.65 1.99752 1.975)
(2.75 1.99752 1.975)
(2.85 1.99752 1.975)
(2.95 1.99752 1.975)
(3.05 1.99752 1.975)
(3.15 1.99752 1.975)
(3.25 1.99752 1.975)
(3.35 1.99752 1.975)
(3.45 1.99752 1.975)
(3.55 1.99752 1.975)
(3.65 1.99752 1.975)
(3.75 1.99752 1.975)
(3.85 1.99752 1.975)
(3.95 1.99752 1.975)
(3.95 1.9923 1.975)
(3.95 1.98657 1.975)
(3.95 1.98026 1.975)
(3.95 1.97332 1.975)
(3.95 1.96569 1.975)
(3.95 1.95729 1.975)
(3.95 1.94805 1.975)
(3.95 1.93788 1.975)
(3.95 1.9267 1.975)
(3.95 1.9144 1.975)
(3.95 1.90087 1.975)
(3.95 1.88599 1.975)
(3.95 1.86962 1.975)
(3.95 1.85161 1.975)
(3.95 1.83179 1.975)
(3.95 1.80999 1.975)
(3.95 1.78602 1.975)
(3.95 1.75964 1.975)
(3.95 1.73062 1.975)
(3.95 1.6987 1.975)
(3.95 1.66358 1.975)
(3.95 1.62496 1.975)
(3.95 1.58246 1.975)
(3.95 1.53571 1.975)
(3.95 1.48429 1.975)
(3.95 1.42772 1.975)
(3.95 1.36549 1.975)
(3.95 1.29703 1.975)
(3.95 1.22172 1.975)
(3.95 1.13887 1.975)
(3.95 1.04774 1.975)
(3.85 1.04774 1.975)
(3.75 1.04774 1.975)
(3.65 1.04774 1.975)
(3.55 1.04774 1.975)
(3.45 1.04774 1.975)
(3.35 1.04774 1.975)
(3.35 1.13887 1.975)
(3.25 1.13887 1.975)
(3.15 1.13887 1.975)
(3.05 1.13887 1.975)
(2.95 1.13887 1.975)
(2.85 1.13887 1.975)
(2.75 1.13887 1.975)
(2.65 1.13887 1.975)
(2.55 1.13887 1.975)
(2.45 1.13887 1.975)
(2.35 1.13887 1.975)
(2.25 1.13887 1.975)
(2.15 1.13887 1.975)
(2.05 1.13887 1.975)
(1.95 1.13887 1.975)
(1.85 1.13887 1.975)
(1.75 1.13887 1.975)
(1.65 1.13887 1.975)
(1.55 1.13887 1.975)
(1.45 1.13887 1.975)
(1.35 1.13887 1.975)
(1.25 1.13887 1.975)
(1.15 1.13887 1.975)
(1.05 1.13887 1.975)
(0.95 1.13887 1.975)
(0.85 1.13887 1.975)
(0.75 1.13887 1.975)
(0.65 1.13887 1.975)
(0.55 1.13887 1.975)
(0.45 1.13887 1.975)
(0.35 1.13887 1.975)
(0.25 1.13887 1.975)
(0.15 1.13887 1.975)
(0.15 1.22172 1.975)
(0.15 1.29703 1.975)
(0.15 1.36549 1.975)
(0.15 1.42772 1.975)
(0.15 1.48429 1.975)
(0.15 1.53571 1.975)
(0.15 1.58246 1.975)
(0.15 1.62496 1.975)
(0.15 1.66358 1.975)
(0.15 1.6987 1.975)
(0.15 1.73062 1.975)
(0.15 1.75964 1.975)
(0.15 1.78602 1.975)
(0.15 1.80999 1.975)
(0.15 1.83179 1.975)
(0.15 1.85161 1.975)
(0.15 1.86962 1.975)
(0.15 1.88599 1.975)
(0.15 1.90087 1.975)
(0.15 1.9144 1.975)
(0.15 1.9267 1.975)
(0.15 1.93788 1.975)
(0.15 1.94805 1.975)
(0.15 1.95729 1.975)
(0.15 1.96569 1.975)
(0.15 1.97332 1.975)
(0.15 1.98026 1.975)
(0.15 1.98657 1.975)
(0.15 1.9923 1.975)
(0.25 1.9923 1.975)
(0.35 1.9923 1.975)
(0.45 1.9923 1.975)
(0.55 1.9923 1.975)
(0.65 1.9923 1.975)
(0.75 1.9923 1.975)
(0.85 1.9923 1.975)
(0.95 1.9923 1.975)
(1.05 1.9923 1.975)
(1.15 1.9923 1.975)
(1.25 1.9923 1.975)
(1.35 1.9923 1.975)
(1.45 1.9923 1.975)
(1.55 1.9923 1.975)
(1.65 1.9923 1.975)
(1.75 1.9923 1.975)
(1.85 1.9923 1.975)
(1.95 1.9923 1.975)
(2.05 1.9923 1.975)
(2.15 1.9923 1.975)
(2.25 1.9923 1.975)
(2.35 1.9923 1.975)
(2.45 1.9923 1.975)
(2.55 1.9923 1.975)
(2.65 1.9923 1.975)
(2.75 1.9923 1.975)
(2.85 1.9923 1.975)
(2.95 1.9923 1.975)
(3.05 1.9923 1.975)
(3.15 1.9923 1.975)
(3.25 1.9923 1.975)
(3.35 1.9923 1.975)
(3.45 1.9923 1.975)
(3.55 1.9923 1.975)
(3.65 1.9923 1.975)
(3.75 1.9923 1.975)
(3.85 1.9923 1.975)
(3.85 1.98657 1.975)
(3.85 1.98026 1.975)
(3.85 1.97332 1.975)
(3.85 1.96569 1.975)
(3.85 1.95729 1.975)
(3.85 1.94805 1.975)
(3.85 1.93788 1.975)
(3.85 1.9267 1.975)
(3.85 1.9144 1.975)
(3.85 1.90087 1.975)
(3.85 1.88599 1.975)
(3.85 1.86962 1.975)
(3.85 1.85161 1.975)
(3.85 1.83179 1.975)
(3.85 1.80999 1.975)
(3.85 1.78602 1.975)
(3.85 1.75964 1.975)
(3.85 1.73062 1.975)
(3.85 1.6987 1.975)
(3.85 1.66358 1.975)
(3.85 1.62496 1.975)
(3.85 1.58246 1.975)
(3.85 1.53571 1.975)
(3.85 1.48429 1.975)
(3.85 1.42772 1.975)
(3.85 1.36549 1.975)
(3.85 1.29703 1.975)
(3.85 1.22172 1.975)
(3.85 1.13887 1.975)
(3.75 1.13887 1.975)
(3.65 1.13887 1.975)
(3.55 1.13887 1.975)
(3.45 1.13887 1.975)
(3.45 1.22172 1.975)
(3.35 1.22172 1.975)
(3.25 1.22172 1.975)
(3.15 1.22172 1.975)
(3.05 1.22172 1.975)
(2.95 1.22172 1.975)
(2.85 1.22172 1.975)
(2.75 1.22172 1.975)
(2.65 1.22172 1.975)
(2.55 1.22172 1.975)
(2.45 1.22172 1.975)
(2.35 1.22172 1.975)
(2.25 1.22172 1.975)
(2.15 1.22172 1.975)
(2.05 1.22172 1.975)
(1.95 1.22172 1.975)
(1.85 1.22172 1.975)
(1.75 1.22172 1.975)
(1.65 1.22172 1.975)
(1.55 1.22172 1.975)
(1.45 1.22172 1.975)
(1.35 1.22172 1.975)
(1.25 1.22172 1.975)
(1.15 1.22172 1.975)
(1.05 1.22172 1.975)
(0.95 1.22172 1.975)
(0.85 1.22172 1.975)
(0.75 1.22172 1.975)
(0.65 1.22172 1.975)
(0.55 1.22172 1.975)
(0.45 1.22172 1.975)
(0.35 1.22172 1.975)
(0.25 1.22172 1.975)
(0.25 1.29703 1.975)
(0.25 1.36549 1.975)
(0.25 1.42772 1.975)
(0.25 1.48429 1.975)
(0.25 1.53571 1.975)
(0.25 1.58246 1.975)
(0.25 1.62496 1.975)
(0.25 1.66358 1.975)
(0.25 1.6987 1.975)
(0.25 1.73062 1.975)
(0.25 1.75964 1.975)
(0.25 1.78602 1.975)
(0.25 1.80999 1.975)
(0.25 1.83179 1.975)
(0.25 1.85161 1.975)
(0.25 1.86962 1.975)
(0.25 1.88599 1.975)
(0.25 1.90087 1.975)
(0.25 1.9144 1.975)
(0.25 1.9267 1.975)
(0.25 1.93788 1.975)
(0.25 1.94805 1.975)
(0.25 1.95729 1.975)
(0.25 1.96569 1.975)
(0.25 1.97332 1.975)
(0.25 1.98026 1.975)
(0.25 1.98657 1.975)
(0.35 1.98657 1.975)
(0.45 1.98657 1.975)
(0.55 1.98657 1.975)
(0.65 1.98657 1.975)
(0.75 1.98657 1.975)
(0.85 1.98657 1.975)
(0.95 1.98657 1.975)
(1.05 1.98657 1.975)
(1.15 1.98657 1.975)
(1.25 1.98657 1.975)
(1.35 1.98657 1.975)
(1.45 1.98657 1.975)
(1.55 1.98657 1.975)
(1.65 1.98657 1.975)
(1.75 1.98657 1.975)
(1.85 1.98657 1.975)
(1.95 1.98657 1.975)
(2.05 1.98657 1.975)
(2.15 1.98657 1.975)
(2.25 1.98657 1.975)
(2.35 1.98657 1.975)
(2.45 1.98657 1.975)
(2.55 1.98657 1.975)
(2.65 1.98657 1.975)
(2.75 1.98657 1.975)
(2.85 1.98657 1.975)
(2.95 1.98657 1.975)
(3.05 1.98657 1.975)
(3.15 1.98657 1.975)
(3.25 1.98657 1.975)
(3.35 1.98657 1.975)
(3.45 1.98657 1.975)
(3.55 1.98657 1.975)
(3.65 1.98657 1.975)
(3.75 1.98657 1.975)
(3.75 1.98026 1.975)
(3.75 1.97332 1.975)
(3.75 1.96569 1.975)
(3.75 1.95729 1.975)
(3.75 1.94805 1.975)
(3.75 1.93788 1.975)
(3.75 1.9267 1.975)
(3.75 1.9144 1.975)
(3.75 1.90087 1.975)
(3.75 1.88599 1.975)
(3.75 1.86962 1.975)
(3.75 1.85161 1.975)
(3.75 1.83179 1.975)
(3.75 1.80999 1.975)
(3.75 1.78602 1.975)
(3.75 1.75964 1.975)
(3.75 1.73062 1.975)
(3.75 1.6987 1.975)
(3.75 1.66358 1.975)
(3.75 1.62496 1.975)
(3.75 1.58246 1.975)
(3.75 1.53571 1.975)
(3.75 1.48429 1.975)
(3.75 1.42772 1.975)
(3.75 1.36549 1.975)
(3.75 1.29703 1.975)
(3.75 1.22172 1.975)
(3.65 1.22172 1.975)
(3.55 1.22172 1.975)
(3.55 1.29703 1.975)
(3.45 1.29703 1.975)
(3.35 1.29703 1.975)
(3.25 1.29703 1.975)
(3.15 1.29703 1.975)
(3.05 1.29703 1.975)
(2.95 1.29703 1.975)
(2.85 1.29703 1.975)
(2.75 1.29703 1.975)
(2.65 1.29703 1.975)
(2.55 1.29703 1.975)
(2.45 1.29703 1.975)
(2.35 1.29703 1.975)
(2.25 1.29703 1.975)
(2.15 1.29703 1.975)
(2.05 1.29703 1.975)
(1.95 1.29703 1.975)
(1.85 1.29703 1.975)
(1.75 1.29703 1.975)
(1.65 1.29703 1.975)
(1.55 1.29703 1.975)
(1.45 1.29703 1.975)
(1.35 1.29703 1.975)
(1.25 1.29703 1.975)
(1.15 1.29703 1.975)
(1.05 1.29703 1.975)
(0.95 1.29703 1.975)
(0.85 1.29703 1.975)
(0.75 1.29703 1.975)
(0.65 1.29703 1.975)
(0.55 1.29703 1.975)
(0.45 1.29703 1.975)
(0.35 1.29703 1.975)
(0.35 1.36549 1.975)
(0.35 1.42772 1.975)
(0.35 1.48429 1.975)
(0.35 1.53571 1.975)
(0.35 1.58246 1.975)
(0.35 1.62496 1.975)
(0.35 1.66358 1.975)
(0.35 1.6987 1.975)
(0.35 1.73062 1.975)
(0.35 1.75964 1.975)
(0.35 1.78602 1.975)
(0.35 1.80999 1.975)
(0.35 1.83179 1.975)
(0.35 1.85161 1.975)
(0.35 1.86962 1.975)
(0.35 1.88599 1.975)
(0.35 1.90087 1.975)
(0.35 1.9144 1.975)
(0.35 1.9267 1.975)
(0.35 1.93788 1.975)
(0.35 1.94805 1.975)
(0.35 1.95729 1.975)
(0.35 1.96569 1.975)
(0.35 1.97332 1.975)
(0.35 1.98026 1.975)
(0.45 1.98026 1.975)
(0.55 1.98026 1.975)
(0.65 1.98026 1.975)
(0.75 1.98026 1.975)
(0.85 1.98026 1.975)
(0.95 1.98026 1.975)
(1.05 1.98026 1.975)
(1.15 1.98026 1.975)
(1.25 1.98026 1.975)
(1.35 1.98026 1.975)
(1.45 1.98026 1.975)
(1.55 1.98026 1.975)
(1.65 1.98026 1.975)
(1.75 1.98026 1.975)
(1.85 1.98026 1.975)
(1.95 1.98026 1.975)
(2.05 1.98026 1.975)
(2.15 1.98026 1.975)
(2.25 1.98026 1.975)
(2.35 1.98026 1.975)
(2.45 1.98026 1.975)
(2.55 1.98026 1.975)
(2.65 1.98026 1.975)
(2.75 1.98026 1.975)
(2.85 1.98026 1.975)
(2.95 1.98026 1.975)
(3.05 1.98026 1.975)
(3.15 1.98026 1.975)
(3.25 1.98026 1.975)
(3.35 1.98026 1.975)
(3.45 1.98026 1.975)
(3.55 1.98026 1.975)
(3.65 1.98026 1.975)
(3.65 1.97332 1.975)
(3.65 1.96569 1.975)
(3.65 1.95729 1.975)
(3.65 1.94805 1.975)
(3.65 1.93788 1.975)
(3.65 1.9267 1.975)
(3.65 1.9144 1.975)
(3.65 1.90087 1.975)
(3.65 1.88599 1.975)
(3.65 1.86962 1.975)
(3.65 1.85161 1.975)
(3.65 1.83179 1.975)
(3.65 1.80999 1.975)
(3.65 1.78602 1.975)
(3.65 1.75964 1.975)
(3.65 1.73062 1.975)
(3.65 1.6987 1.975)
(3.65 1.66358 1.975)
(3.65 1.62496 1.975)
(3.65 1.58246 1.975)
(3.65 1.53571 1.975)
(3.65 1.48429 1.975)
(3.65 1.42772 1.975)
(3.65 1.36549 1.975)
(3.65 1.29703 1.975)
(3.55 1.36549 1.975)
(3.45 1.36549 1.975)
(3.35 1.36549 1.975)
(3.25 1.36549 1.975)
(3.15 1.36549 1.975)
(3.05 1.36549 1.975)
(2.95 1.36549 1.975)
(2.85 1.36549 1.975)
(2.75 1.36549 1.975)
(2.65 1.36549 1.975)
(2.55 1.36549 1.975)
(2.45 1.36549 1.975)
(2.35 1.36549 1.975)
(2.25 1.36549 1.975)
(2.15 1.36549 1.975)
(2.05 1.36549 1.975)
(1.95 1.36549 1.975)
(1.85 1.36549 1.975)
(1.75 1.36549 1.975)
(1.65 1.36549 1.975)
(1.55 1.36549 1.975)
(1.45 1.36549 1.975)
(1.35 1.36549 1.975)
(1.25 1.36549 1.975)
(1.15 1.36549 1.975)
(1.05 1.36549 1.975)
(0.95 1.36549 1.975)
(0.85 1.36549 1.975)
(0.75 1.36549 1.975)
(0.65 1.36549 1.975)
(0.55 1.36549 1.975)
(0.45 1.36549 1.975)
(0.45 1.42772 1.975)
(0.45 1.48429 1.975)
(0.45 1.53571 1.975)
(0.45 1.58246 1.975)
(0.45 1.62496 1.975)
(0.45 1.66358 1.975)
(0.45 1.6987 1.975)
(0.45 1.73062 1.975)
(0.45 1.75964 1.975)
(0.45 1.78602 1.975)
(0.45 1.80999 1.975)
(0.45 1.83179 1.975)
(0.45 1.85161 1.975)
(0.45 1.86962 1.975)
(0.45 1.88599 1.975)
(0.45 1.90087 1.975)
(0.45 1.9144 1.975)
(0.45 1.9267 1.975)
(0.45 1.93788 1.975)
(0.45 1.94805 1.975)
(0.45 1.95729 1.975)
(0.45 1.96569 1.975)
(0.45 1.97332 1.975)
(0.55 1.97332 1.975)
(0.65 1.97332 1.975)
(0.75 1.97332 1.975)
(0.85 1.97332 1.975)
(0.95 1.97332 1.975)
(1.05 1.97332 1.975)
(1.15 1.97332 1.975)
(1.25 1.97332 1.975)
(1.35 1.97332 1.975)
(1.45 1.97332 1.975)
(1.55 1.97332 1.975)
(1.65 1.97332 1.975)
(1.75 1.97332 1.975)
(1.85 1.97332 1.975)
(1.95 1.97332 1.975)
(2.05 1.97332 1.975)
(2.15 1.97332 1.975)
(2.25 1.97332 1.975)
(2.35 1.97332 1.975)
(2.45 1.97332 1.975)
(2.55 1.97332 1.975)
(2.65 1.97332 1.975)
(2.75 1.97332 1.975)
(2.85 1.97332 1.975)
(2.95 1.97332 1.975)
(3.05 1.97332 1.975)
(3.15 1.97332 1.975)
(3.25 1.97332 1.975)
(3.35 1.97332 1.975)
(3.45 1.97332 1.975)
(3.55 1.97332 1.975)
(3.55 1.96569 1.975)
(3.55 1.95729 1.975)
(3.55 1.94805 1.975)
(3.55 1.93788 1.975)
(3.55 1.9267 1.975)
(3.55 1.9144 1.975)
(3.55 1.90087 1.975)
(3.55 1.88599 1.975)
(3.55 1.86962 1.975)
(3.55 1.85161 1.975)
(3.55 1.83179 1.975)
(3.55 1.80999 1.975)
(3.55 1.78602 1.975)
(3.55 1.75964 1.975)
(3.55 1.73062 1.975)
(3.55 1.6987 1.975)
(3.55 1.66358 1.975)
(3.55 1.62496 1.975)
(3.55 1.58246 1.975)
(3.55 1.53571 1.975)
(3.55 1.48429 1.975)
(3.55 1.42772 1.975)
(3.45 1.42772 1.975)
(3.35 1.42772 1.975)
(3.25 1.42772 1.975)
(3.15 1.42772 1.975)
(3.05 1.42772 1.975)
(2.95 1.42772 1.975)
(2.85 1.42772 1.975)
(2.75 1.42772 1.975)
(2.65 1.42772 1.975)
(2.55 1.42772 1.975)
(2.45 1.42772 1.975)
(2.35 1.42772 1.975)
(2.25 1.42772 1.975)
(2.15 1.42772 1.975)
(2.05 1.42772 1.975)
(1.95 1.42772 1.975)
(1.85 1.42772 1.975)
(1.75 1.42772 1.975)
(1.65 1.42772 1.975)
(1.55 1.42772 1.975)
(1.45 1.42772 1.975)
(1.35 1.42772 1.975)
(1.25 1.42772 1.975)
(1.15 1.42772 1.975)
(1.05 1.42772 1.975)
(0.95 1.42772 1.975)
(0.85 1.42772 1.975)
(0.75 1.42772 1.975)
(0.65 1.42772 1.975)
(0.55 1.42772 1.975)
(0.55 1.48429 1.975)
(0.55 1.53571 1.975)
(0.55 1.58246 1.975)
(0.55 1.62496 1.975)
(0.55 1.66358 1.975)
(0.55 1.6987 1.975)
(0.55 1.73062 1.975)
(0.55 1.75964 1.975)
(0.55 1.78602 1.975)
(0.55 1.80999 1.975)
(0.55 1.83179 1.975)
(0.55 1.85161 1.975)
(0.55 1.86962 1.975)
(0.55 1.88599 1.975)
(0.55 1.90087 1.975)
(0.55 1.9144 1.975)
(0.55 1.9267 1.975)
(0.55 1.93788 1.975)
(0.55 1.94805 1.975)
(0.55 1.95729 1.975)
(0.55 1.96569 1.975)
(0.65 1.96569 1.975)
(0.75 1.96569 1.975)
(0.85 1.96569 1.975)
(0.95 1.96569 1.975)
(1.05 1.96569 1.975)
(1.15 1.96569 1.975)
(1.25 1.96569 1.975)
(1.35 1.96569 1.975)
(1.45 1.96569 1.975)
(1.55 1.96569 1.975)
(1.65 1.96569 1.975)
(1.75 1.96569 1.975)
(1.85 1.96569 1.975)
(1.95 1.96569 1.975)
(2.05 1.96569 1.975)
(2.15 1.96569 1.975)
(2.25 1.96569 1.975)
(2.35 1.96569 1.975)
(2.45 1.96569 1.975)
(2.55 1.96569 1.975)
(2.65 1.96569 1.975)
(2.75 1.96569 1.975)
(2.85 1.96569 1.975)
(2.95 1.96569 1.975)
(3.05 1.96569 1.975)
(3.15 1.96569 1.975)
(3.25 1.96569 1.975)
(3.35 1.96569 1.975)
(3.45 1.96569 1.975)
(3.45 1.95729 1.975)
(3.45 1.94805 1.975)
(3.45 1.93788 1.975)
(3.45 1.9267 1.975)
(3.45 1.9144 1.975)
(3.45 1.90087 1.975)
(3.45 1.88599 1.975)
(3.45 1.86962 1.975)
(3.45 1.85161 1.975)
(3.45 1.83179 1.975)
(3.45 1.80999 1.975)
(3.45 1.78602 1.975)
(3.45 1.75964 1.975)
(3.45 1.73062 1.975)
(3.45 1.6987 1.975)
(3.45 1.66358 1.975)
(3.45 1.62496 1.975)
(3.45 1.58246 1.975)
(3.45 1.53571 1.975)
(3.45 1.48429 1.975)
(3.35 1.48429 1.975)
(3.25 1.48429 1.975)
(3.15 1.48429 1.975)
(3.05 1.48429 1.975)
(2.95 1.48429 1.975)
(2.85 1.48429 1.975)
(2.75 1.48429 1.975)
(2.65 1.48429 1.975)
(2.55 1.48429 1.975)
(2.45 1.48429 1.975)
(2.35 1.48429 1.975)
(2.25 1.48429 1.975)
(2.15 1.48429 1.975)
(2.05 1.48429 1.975)
(1.95 1.48429 1.975)
(1.85 1.48429 1.975)
(1.75 1.48429 1.975)
(1.65 1.48429 1.975)
(1.55 1.48429 1.975)
(1.45 1.48429 1.975)
(1.35 1.48429 1.975)
(1.25 1.48429 1.975)
(1.15 1.48429 1.975)
(1.05 1.48429 1.975)
(0.95 1.48429 1.975)
(0.85 1.48429 1.975)
(0.75 1.48429 1.975)
(0.65 1.48429 1.975)
(0.65 1.53571 1.975)
(0.65 1.58246 1.975)
(0.65 1.62496 1.975)
(0.65 1.66358 1.975)
(0.65 1.6987 1.975)
(0.65 1.73062 1.975)
(0.65 1.75964 1.975)
(0.65 1.78602 1.975)
(0.65 1.80999 1.975)
(0.65 1.83179 1.975)
(0.65 1.85161 1.975)
(0.65 1.86962 1.975)
(0.65 1.88599 1.975)
(0.65 1.90087 1.975)
(0.65 1.9144 1.975)
(0.65 1.9267 1.975)
(0.65 1.93788 1.975)
(0.65 1.94805 1.975)
(0.65 1.95729 1.975)
(0.75 1.95729 1.975)
(0.85 1.95729 1.975)
(0.95 1.95729 1.975)
(1.05 1.95729 1.975)
(1.15 1.95729 1.975)
(1.25 1.95729 1.975)
(1.35 1.95729 1.975)
(1.45 1.95729 1.975)
(1.55 1.95729 1.975)
(1.65 1.95729 1.975)
(1.75 1.95729 1.975)
(1.85 1.95729 1.975)
(1.95 1.95729 1.975)
(2.05 1.95729 1.975)
(2.15 1.95729 1.975)
(2.25 1.95729 1.975)
(2.35 1.95729 1.975)
(2.45 1.95729 1.975)
(2.55 1.95729 1.975)
(2.65 1.95729 1.975)
(2.75 1.95729 1.975)
(2.85 1.95729 1.975)
(2.95 1.95729 1.975)
(3.05 1.95729 1.975)
(3.15 1.95729 1.975)
(3.25 1.95729 1.975)
(3.35 1.95729 1.975)
(3.35 1.94805 1.975)
(3.35 1.93788 1.975)
(3.35 1.9267 1.975)
(3.35 1.9144 1.975)
(3.35 1.90087 1.975)
(3.35 1.88599 1.975)
(3.35 1.86962 1.975)
(3.35 1.85161 1.975)
(3.35 1.83179 1.975)
(3.35 1.80999 1.975)
(3.35 1.78602 1.975)
(3.35 1.75964 1.975)
(3.35 1.73062 1.975)
(3.35 1.6987 1.975)
(3.35 1.66358 1.975)
(3.35 1.62496 1.975)
(3.35 1.58246 1.975)
(3.35 1.53571 1.975)
(3.25 1.53571 1.975)
(3.15 1.53571 1.975)
(3.05 1.53571 1.975)
(2.95 1.53571 1.975)
(2.85 1.53571 1.975)
(2.75 1.53571 1.975)
(2.65 1.53571 1.975)
(2.55 1.53571 1.975)
(2.45 1.53571 1.975)
(2.35 1.53571 1.975)
(2.25 1.53571 1.975)
(2.15 1.53571 1.975)
(2.05 1.53571 1.975)
(1.95 1.53571 1.975)
(1.85 1.53571 1.975)
(1.75 1.53571 1.975)
(1.65 1.53571 1.975)
(1.55 1.53571 1.975)
(1.45 1.53571 1.975)
(1.35 1.53571 1.975)
(1.25 1.53571 1.975)
(1.15 1.53571 1.975)
(1.05 1.53571 1.975)
(0.95 1.53571 1.975)
(0.85 1.53571 1.975)
(0.75 1.53571 1.975)
(0.75 1.58246 1.975)
(0.75 1.62496 1.975)
(0.75 1.66358 1.975)
(0.75 1.6987 1.975)
(0.75 1.73062 1.975)
(0.75 1.75964 1.975)
(0.75 1.78602 1.975)
(0.75 1.80999 1.975)
(0.75 1.83179 1.975)
(0.75 1.85161 1.975)
(0.75 1.86962 1.975)
(0.75 1.88599 1.975)
(0.75 1.90087 1.975)
(0.75 1.9144 1.975)
(0.75 1.9267 1.975)
(0.75 1.93788 1.975)
(0.75 1.94805 1.975)
(0.85 1.94805 1.975)
(0.95 1.94805 1.975)
(1.05 1.94805 1.975)
(1.15 1.94805 1.975)
(1.25 1.94805 1.975)
(1.35 1.94805 1.975)
(1.45 1.94805 1.975)
(1.55 1.94805 1.975)
(1.65 1.94805 1.975)
(1.75 1.94805 1.975)
(1.85 1.94805 1.975)
(1.95 1.94805 1.975)
(2.05 1.94805 1.975)
(2.15 1.94805 1.975)
(2.25 1.94805 1.975)
(2.35 1.94805 1.975)
(2.45 1.94805 1.975)
(2.55 1.94805 1.975)
(2.65 1.94805 1.975)
(2.75 1.94805 1.975)
(2.85 1.94805 1.975)
(2.95 1.94805 1.975)
(3.05 1.94805 1.975)
(3.15 1.94805 1.975)
(3.25 1.94805 1.975)
(3.25 1.93788 1.975)
(3.25 1.9267 1.975)
(3.25 1.9144 1.975)
(3.25 1.90087 1.975)
(3.25 1.88599 1.975)
(3.25 1.86962 1.975)
(3.25 1.85161 1.975)
(3.25 1.83179 1.975)
(3.25 1.80999 1.975)
(3.25 1.78602 1.975)
(3.25 1.75964 1.975)
(3.25 1.73062 1.975)
(3.25 1.6987 1.975)
(3.25 1.66358 1.975)
(3.25 1.62496 1.975)
(3.25 1.58246 1.975)
(3.15 1.58246 1.975)
(3.05 1.58246 1.975)
(2.95 1.58246 1.975)
(2.85 1.58246 1.975)
(2.75 1.58246 1.975)
(2.65 1.58246 1.975)
(2.55 1.58246 1.975)
(2.45 1.58246 1.975)
(2.35 1.58246 1.975)
(2.25 1.58246 1.975)
(2.15 1.58246 1.975)
(2.05 1.58246 1.975)
(1.95 1.58246 1.975)
(1.85 1.58246 1.975)
(1.75 1.58246 1.975)
(1.65 1.58246 1.975)
(1.55 1.58246 1.975)
(1.45 1.58246 1.975)
(1.35 1.58246 1.975)
(1.25 1.58246 1.975)
(1.15 1.58246 1.975)
(1.05 1.58246 1.975)
(0.95 1.58246 1.975)
(0.85 1.58246 1.975)
(0.85 1.62496 1.975)
(0.85 1.66358 1.975)
(0.85 1.6987 1.975)
(0.85 1.73062 1.975)
(0.85 1.75964 1.975)
(0.85 1.78602 1.975)
(0.85 1.80999 1.975)
(0.85 1.83179 1.975)
(0.85 1.85161 1.975)
(0.85 1.86962 1.975)
(0.85 1.88599 1.975)
(0.85 1.90087 1.975)
(0.85 1.9144 1.975)
(0.85 1.9267 1.975)
(0.85 1.93788 1.975)
(0.95 1.93788 1.975)
(1.05 1.93788 1.975)
(1.15 1.93788 1.975)
(1.25 1.93788 1.975)
(1.35 1.93788 1.975)
(1.45 1.93788 1.975)
(1.55 1.93788 1.975)
(1.65 1.93788 1.975)
(1.75 1.93788 1.975)
(1.85 1.93788 1.975)
(1.95 1.93788 1.975)
(2.05 1.93788 1.975)
(2.15 1.93788 1.975)
(2.25 1.93788 1.975)
(2.35 1.93788 1.975)
(2.45 1.93788 1.975)
(2.55 1.93788 1.975)
(2.65 1.93788 1.975)
(2.75 1.93788 1.975)
(2.85 1.93788 1.975)
(2.95 1.93788 1.975)
(3.05 1.93788 1.975)
(3.15 1.93788 1.975)
(3.15 1.9267 1.975)
(3.15 1.9144 1.975)
)
;
    }
    procBoundary1to3throughsides2_half0
    {
        type            processorCyclic;
        value           uniform (6.95025e-310 6.95025e-310 4.65557e-310);
    }
}


// ************************************************************************* //
