/*--------------------------------*- C++ -*----------------------------------*\
  =========                 |
  \\      /  F ield         | OpenFOAM: The Open Source CFD Toolbox
   \\    /   O peration     | Website:  https://openfoam.org
    \\  /    A nd           | Version:  10
     \\/     M anipulation  |
\*---------------------------------------------------------------------------*/
FoamFile
{
    format      ascii;
    class       volVectorField;
    location    "35";
    object      UWrite;
}
// * * * * * * * * * * * * * * * * * * * * * * * * * * * * * * * * * * * * * //

dimensions      [0 1 -1 0 0 0 0];

internalField   uniform (0 0 0);

boundaryField
{
    bottomWall
    {
        type            calculated;
        value           nonuniform List<vector> 
800
(
(6.93337e-310 6.93337e-310 4.64323e-310)
(4.64323e-310 0.025 -1.33227e-15)
(-2.77556e-17 0.025 4.44089e-16)
(2.77556e-17 0.025 0)
(0 0.025 -4.44089e-16)
(-2.77556e-17 0.025 -4.44089e-16)
(-1.38778e-17 0.025 -4.44089e-16)
(1.38778e-17 0.025 -4.44089e-16)
(0 0.025 4.44089e-16)
(0 0.025 4.44089e-16)
(1.38778e-17 0.025 -4.44089e-16)
(-6.93889e-18 0.025 0)
(6.93889e-18 0.025 -4.44089e-16)
(6.93889e-18 0.025 -1.33227e-15)
(-3.46945e-18 0.025 4.44089e-16)
(3.46945e-18 0.025 0)
(-3.46945e-18 0.025 8.88178e-16)
(-3.46945e-18 0.025 0)
(3.46945e-18 0.025 -4.44089e-16)
(-6.93889e-18 0.025 4.44089e-16)
(0 0.025 0)
(3.46945e-18 0.025 8.88178e-16)
(0 0.025 0)
(0 0.025 -4.44089e-16)
(-3.46945e-18 0.025 0)
(3.46945e-18 0.025 0)
(0 0.025 8.88178e-16)
(0 0.025 4.44089e-16)
(0 0.025 0)
(-3.46945e-18 0.025 4.44089e-16)
(0 0.025 0)
(-3.46945e-18 0.025 2.22045e-16)
(-3.46945e-18 0.025 0)
(-3.46945e-18 0.025 4.44089e-16)
(0 0.025 -2.22045e-16)
(-3.46945e-18 0.025 0)
(0 0.025 -2.22045e-16)
(-3.46945e-18 0.025 -2.22045e-16)
(-3.46945e-18 0.025 -2.22045e-16)
(0 0.025 -2.22045e-16)
(-6.93889e-18 0.025 0)
(-3.46945e-18 0.025 -2.22045e-16)
(-3.46945e-18 0.025 -1.11022e-16)
(-3.46945e-18 0.025 0)
(-3.46945e-18 0.025 1.11022e-16)
(0 0.025 -1.11022e-16)
(0 0.025 -5.55112e-17)
(-6.93889e-18 0.025 -5.55112e-17)
(0 0.025 -5.55112e-17)
(0 0.025 0)
(0 0.025 0)
(0 0.025 -5.55112e-17)
(0 0.025 5.55112e-17)
(-1.38778e-17 0.025 0)
(0 0.025 5.55112e-17)
(1.38778e-17 0.025 1.11022e-16)
(4.16334e-17 0.025 5.55112e-17)
(1.38778e-17 0.025 0)
(-2.77556e-17 0.025 -5.55112e-17)
(-2.77556e-17 0.025 0)
(-2.77556e-17 0.025 0)
(0 0.025 0)
(0 0.025 0)
(2.77556e-17 0.025 -5.55112e-17)
(-5.55112e-17 0.025 5.55112e-17)
(-5.55112e-17 0.025 5.55112e-17)
(-5.55112e-17 0.025 5.55112e-17)
(5.55112e-17 0.025 1.11022e-16)
(0 0.025 5.55112e-17)
(0 0.025 0)
(0 0.025 -5.55112e-17)
(0 0.025 5.55112e-17)
(0 0.025 -5.55112e-17)
(1.11022e-16 0.025 5.55112e-17)
(0 0.025 0)
(-1.11022e-16 0.025 0)
(-2.22045e-16 0.025 1.11022e-16)
(1.11022e-16 0.025 -2.22045e-16)
(-1.11022e-16 0.025 2.22045e-16)
(-1.11022e-16 0.025 -2.22045e-16)
(1.11022e-16 0.025 -2.22045e-16)
(1.11022e-16 0.025 0)
(1.11022e-16 0.025 0)
(0 0.025 2.22045e-16)
(2.22045e-16 0.025 2.22045e-16)
(-1.11022e-16 0.025 -2.22045e-16)
(1.11022e-16 0.025 0)
(1.11022e-16 0.025 -2.22045e-16)
(1.11022e-16 0.025 0)
(3.33067e-16 0.025 -4.44089e-16)
(0 0.025 0)
(1.11022e-16 0.025 -4.44089e-16)
(-2.22045e-16 0.025 -4.44089e-16)
(1.11022e-16 0.025 8.88178e-16)
(1.11022e-16 0.025 4.44089e-16)
(0 0.025 0)
(0 0.025 4.44089e-16)
(0 0.025 4.44089e-16)
(0 0.025 0)
(0 0.025 4.44089e-16)
(0 0.025 4.44089e-16)
(0 0.025 4.44089e-16)
(0 0.025 -4.44089e-16)
(0 0.025 -4.44089e-16)
(0 0.025 4.44089e-16)
(0 0.025 0)
(0 0.025 4.44089e-16)
(1.11022e-16 0.025 0)
(-1.11022e-16 0.025 0)
(0 0.025 0)
(1.11022e-16 0.025 0)
(0 0.025 0)
(1.11022e-16 0.025 4.44089e-16)
(5.55112e-17 0.025 0)
(0 0.025 4.44089e-16)
(0 0.025 -4.44089e-16)
(0 0.025 4.44089e-16)
(-2.77556e-17 0.025 -4.44089e-16)
(1.11022e-16 0.025 4.44089e-16)
(2.77556e-17 0.025 -4.44089e-16)
(0 0.025 4.44089e-16)
(0 0.025 8.88178e-16)
(2.77556e-17 0.025 8.88178e-16)
(1.38778e-17 0.025 0)
(4.16334e-17 0.025 0)
(-2.77556e-17 0.025 4.44089e-16)
(-1.38778e-17 0.025 0)
(0 0.025 0)
(0 0.025 -4.44089e-16)
(6.93889e-18 0.025 -4.44089e-16)
(-6.93889e-18 0.025 0)
(-3.46945e-18 0.025 4.44089e-16)
(-3.46945e-18 0.025 4.44089e-16)
(-3.46945e-18 0.025 0)
(0 0.025 4.44089e-16)
(-3.46945e-18 0.025 -4.44089e-16)
(0 0.025 -4.44089e-16)
(-3.46945e-18 0.025 4.44089e-16)
(-3.46945e-18 0.025 0)
(0 0.025 0)
(-3.46945e-18 0.025 0)
(-3.46945e-18 0.025 0)
(-3.46945e-18 0.025 -4.44089e-16)
(-3.46945e-18 0.025 4.44089e-16)
(0 0.025 -8.88178e-16)
(-3.46945e-18 0.025 0)
(0 0.025 -2.22045e-16)
(-6.93889e-18 0.025 -2.22045e-16)
(-3.46945e-18 0.025 -2.22045e-16)
(-6.93889e-18 0.025 0)
(-3.46945e-18 0.025 0)
(-3.46945e-18 0.025 -6.66134e-16)
(-6.93889e-18 0.025 0)
(0 0.025 -2.22045e-16)
(-6.93889e-18 0.025 -2.22045e-16)
(-3.46945e-18 0.025 -2.22045e-16)
(-6.93889e-18 0.025 0)
(3.46945e-18 0.025 0)
(-3.46945e-18 0.025 -1.11022e-16)
(-6.93889e-18 0.025 -1.11022e-16)
(-3.46945e-18 0.025 -1.11022e-16)
(3.46945e-18 0.025 2.22045e-16)
(3.46945e-18 0.025 0)
(0 0.025 1.11022e-16)
(-6.93889e-18 0.025 -5.55112e-17)
(-1.38778e-17 0.025 0)
(6.93889e-18 0.025 1.11022e-16)
(0 0.025 0)
(1.38778e-17 0.025 0)
(1.38778e-17 0.025 0)
(0 0.025 5.55112e-17)
(-2.77556e-17 0.025 0)
(-2.77556e-17 0.025 -5.55112e-17)
(-5.55112e-17 0.025 -5.55112e-17)
(-2.77556e-17 0.025 -5.55112e-17)
(-5.55112e-17 0.025 1.11022e-16)
(2.77556e-17 0.025 -5.55112e-17)
(0 0.025 -5.55112e-17)
(0 0.025 5.55112e-17)
(5.55112e-17 0.025 1.11022e-16)
(5.55112e-17 0.025 0)
(5.55112e-17 0.025 5.55112e-17)
(-1.11022e-16 0.025 -5.55112e-17)
(-1.11022e-16 0.025 1.11022e-16)
(-1.11022e-16 0.025 -5.55112e-17)
(-1.11022e-16 0.025 -1.11022e-16)
(-1.11022e-16 0.025 0)
(0 0.025 -1.11022e-16)
(0 0.025 0)
(0 0.025 1.11022e-16)
(0 0.025 -2.22045e-16)
(-1.11022e-16 0.025 0)
(0 0.025 4.44089e-16)
(0 0.025 2.22045e-16)
(1.11022e-16 0.025 0)
(0 0.025 2.22045e-16)
(1.11022e-16 0.025 0)
(1.11022e-16 0.025 -2.22045e-16)
(0 0.025 2.22045e-16)
(1.11022e-16 0.025 -2.22045e-16)
(-1.11022e-16 0.025 -8.88178e-16)
(-1.11022e-16 0.025 -4.44089e-16)
(0 0.025 4.44089e-16)
(-2.22045e-16 0.025 4.44089e-16)
(1.11022e-16 0.025 0)
(1.11022e-16 0.025 0)
(1.11022e-16 0.025 0)
(1.11022e-16 0.025 4.44089e-16)
(0 0.025 0)
(1.11022e-16 0.025 0)
(1.11022e-16 0.025 0)
(1.11022e-16 0.025 -4.44089e-16)
(1.11022e-16 0.025 -4.44089e-16)
(1.11022e-16 0.025 -4.44089e-16)
(1.11022e-16 0.025 0)
(0 0.025 4.44089e-16)
(1.11022e-16 0.025 0)
(1.11022e-16 0.025 0)
(0 0.025 4.44089e-16)
(1.11022e-16 0.025 4.44089e-16)
(5.55112e-17 0.025 8.88178e-16)
(1.11022e-16 0.025 -4.44089e-16)
(5.55112e-17 0.025 -4.44089e-16)
(5.55112e-17 0.025 0)
(5.55112e-17 0.025 4.44089e-16)
(0 0.025 4.44089e-16)
(5.55112e-17 0.025 -4.44089e-16)
(-5.55112e-17 0.025 4.44089e-16)
(0 0.025 4.44089e-16)
(2.77556e-17 0.025 -4.44089e-16)
(0 0.025 4.44089e-16)
(1.38778e-17 0.025 0)
(-1.38778e-17 0.025 -4.44089e-16)
(0 0.025 -4.44089e-16)
(0 0.025 4.44089e-16)
(1.38778e-17 0.025 4.44089e-16)
(1.38778e-17 0.025 4.44089e-16)
(6.93889e-18 0.025 0)
(6.93889e-18 0.025 0)
(6.93889e-18 0.025 -1.33227e-15)
(6.93889e-18 0.025 0)
(6.93889e-18 0.025 0)
(0 0.025 -4.44089e-16)
(0 0.025 0)
(0 0.025 0)
(0 0.025 0)
(6.93889e-18 0.025 4.44089e-16)
(6.93889e-18 0.025 0)
(0 0.025 4.44089e-16)
(6.93889e-18 0.025 -8.88178e-16)
(0 0.025 4.44089e-16)
(0 0.025 4.44089e-16)
(6.93889e-18 0.025 0)
(0 0.025 -2.22045e-16)
(-6.93889e-18 0.025 -2.22045e-16)
(6.93889e-18 0.025 -2.22045e-16)
(-6.93889e-18 0.025 0)
(0 0.025 -2.22045e-16)
(0 0.025 -4.44089e-16)
(-6.93889e-18 0.025 2.22045e-16)
(0 0.025 -2.22045e-16)
(0 0.025 0)
(0 0.025 0)
(-6.93889e-18 0.025 -2.22045e-16)
(0 0.025 0)
(0 0.025 0)
(0 0.025 0)
(0 0.025 1.11022e-16)
(-6.93889e-18 0.025 1.11022e-16)
(-1.38778e-17 0.025 -1.11022e-16)
(0 0.025 -1.11022e-16)
(-1.38778e-17 0.025 -1.11022e-16)
(-1.38778e-17 0.025 0)
(-1.38778e-17 0.025 0)
(-2.77556e-17 0.025 -1.11022e-16)
(0 0.025 0)
(0 0.025 0)
(0 0.025 0)
(-2.77556e-17 0.025 0)
(-5.55112e-17 0.025 1.11022e-16)
(0 0.025 1.11022e-16)
(0 0.025 1.11022e-16)
(5.55112e-17 0.025 0)
(0 0.025 1.11022e-16)
(5.55112e-17 0.025 0)
(-1.11022e-16 0.025 0)
(-5.55112e-17 0.025 -1.11022e-16)
(0 0.025 1.11022e-16)
(0 0.025 2.22045e-16)
(0 0.025 1.11022e-16)
(1.11022e-16 0.025 0)
(0 0.025 0)
(-1.11022e-16 0.025 0)
(0 0.025 2.22045e-16)
(0 0.025 2.22045e-16)
(0 0.025 -2.22045e-16)
(0 0.025 0)
(0 0.025 4.44089e-16)
(0 0.025 0)
(0 0.025 2.22045e-16)
(0 0.025 0)
(0 0.025 2.22045e-16)
(0 0.025 4.44089e-16)
(0 0.025 0)
(0 0.025 4.44089e-16)
(0 0.025 4.44089e-16)
(1.11022e-16 0.025 -8.88178e-16)
(-1.66533e-16 0.025 -4.44089e-16)
(0 0.025 -4.44089e-16)
(0 0.025 0)
(0 0.025 0)
(-5.55112e-17 0.025 0)
(5.55112e-17 0.025 -8.88178e-16)
(0 0.025 0)
(-5.55112e-17 0.025 4.44089e-16)
(-5.55112e-17 0.025 -8.88178e-16)
(-5.55112e-17 0.025 -1.33227e-15)
(-1.66533e-16 0.025 -4.44089e-16)
(-5.55112e-17 0.025 0)
(1.11022e-16 0.025 8.88178e-16)
(1.11022e-16 0.025 4.44089e-16)
(1.11022e-16 0.025 0)
(5.55112e-17 0.025 8.88178e-16)
(1.11022e-16 0.025 0)
(2.77556e-17 0.025 4.44089e-16)
(0 0.025 -4.44089e-16)
(-2.77556e-17 0.025 4.44089e-16)
(2.77556e-17 0.025 0)
(0 0.025 -8.88178e-16)
(-2.77556e-17 0.025 -4.44089e-16)
(0 0.025 -4.44089e-16)
(-1.38778e-17 0.025 0)
(0 0.025 4.44089e-16)
(0 0.025 4.44089e-16)
(2.08167e-17 0.025 0)
(0 0.025 -4.44089e-16)
(0 0.025 0)
(6.93889e-18 0.025 4.44089e-16)
(6.93889e-18 0.025 -4.44089e-16)
(6.93889e-18 0.025 4.44089e-16)
(6.93889e-18 0.025 0)
(6.93889e-18 0.025 4.44089e-16)
(6.93889e-18 0.025 0)
(0 0.025 -4.44089e-16)
(0 0.025 8.88178e-16)
(6.93889e-18 0.025 -4.44089e-16)
(0 0.025 4.44089e-16)
(6.93889e-18 0.025 4.44089e-16)
(6.93889e-18 0.025 8.88178e-16)
(6.93889e-18 0.025 0)
(-6.93889e-18 0.025 0)
(0 0.025 -4.44089e-16)
(-6.93889e-18 0.025 -2.22045e-16)
(0 0.025 2.22045e-16)
(1.38778e-17 0.025 0)
(0 0.025 -2.22045e-16)
(-6.93889e-18 0.025 -2.22045e-16)
(0 0.025 -2.22045e-16)
(-6.93889e-18 0.025 -2.22045e-16)
(-6.93889e-18 0.025 0)
(-1.38778e-17 0.025 2.22045e-16)
(0 0.025 0)
(0 0.025 -1.11022e-16)
(-1.38778e-17 0.025 -1.11022e-16)
(-6.93889e-18 0.025 -1.11022e-16)
(-1.38778e-17 0.025 0)
(0 0.025 1.11022e-16)
(0 0.025 0)
(0 0.025 0)
(-1.38778e-17 0.025 1.11022e-16)
(0 0.025 0)
(-5.55112e-17 0.025 -1.11022e-16)
(0 0.025 -1.11022e-16)
(-5.55112e-17 0.025 1.11022e-16)
(-8.32667e-17 0.025 2.22045e-16)
(2.77556e-17 0.025 0)
(-5.55112e-17 0.025 0)
(-5.55112e-17 0.025 2.22045e-16)
(0 0.025 2.22045e-16)
(5.55112e-17 0.025 0)
(5.55112e-17 0.025 0)
(-1.11022e-16 0.025 0)
(-1.11022e-16 0.025 0)
(2.22045e-16 0.025 2.22045e-16)
(1.11022e-16 0.025 0)
(0 0.025 2.22045e-16)
(1.11022e-16 0.025 0)
(0 0.025 0)
(1.11022e-16 0.025 0)
(-1.11022e-16 0.025 -2.22045e-16)
(1.11022e-16 0.025 2.22045e-16)
(1.11022e-16 0.025 0)
(0 0.025 0)
(1.11022e-16 0.025 -2.22045e-16)
(-1.11022e-16 0.025 -2.22045e-16)
(0 0.025 4.44089e-16)
(0 0.025 0)
(-1.11022e-16 0.025 0)
(1.11022e-16 0.025 4.44089e-16)
(0 0.025 0)
(5.55112e-17 0.025 0)
(5.55112e-17 0.025 0)
(5.55112e-17 0.025 0)
(5.55112e-17 0.025 0)
(5.55112e-17 0.025 4.44089e-16)
(1.11022e-16 0.025 0)
(1.11022e-16 0.025 -4.44089e-16)
(0 0.025 0)
(5.55112e-17 0.025 0)
(1.11022e-16 0.025 -4.44089e-16)
(5.55112e-17 0.025 -4.44089e-16)
(-5.55112e-17 0.025 -4.44089e-16)
(0 0.025 4.44089e-16)
(0 0.025 -4.44089e-16)
(0 0.025 -4.44089e-16)
(-2.77556e-17 0.025 -4.44089e-16)
(0 0.025 0)
(0 0.025 0)
(0 0.025 -4.44089e-16)
(-2.77556e-17 0.025 0)
(-2.77556e-17 0.025 -4.44089e-16)
(0 0.025 0)
(2.77556e-17 0.025 -8.88178e-16)
(0 0.025 -8.88178e-16)
(-1.38778e-17 0.025 -4.44089e-16)
(0 0.025 -4.44089e-16)
(6.93889e-18 0.025 0)
(0 0.025 -4.44089e-16)
(-6.93889e-18 0.025 8.88178e-16)
(6.93889e-18 0.025 4.44089e-16)
(0 0.025 4.44089e-16)
(6.93889e-18 0.025 -8.88178e-16)
(-6.93889e-18 0.025 0)
(0 0.025 0)
(6.93889e-18 0.025 0)
(-6.93889e-18 0.025 0)
(6.93889e-18 0.025 0)
(1.38778e-17 0.025 0)
(0 0.025 -4.44089e-16)
(-6.93889e-18 0.025 0)
(0 0.025 0)
(-6.93889e-18 0.025 -2.22045e-16)
(0 0.025 4.44089e-16)
(0 0.025 -4.44089e-16)
(-1.38778e-17 0.025 0)
(6.93889e-18 0.025 2.22045e-16)
(-6.93889e-18 0.025 0)
(6.93889e-18 0.025 0)
(-6.93889e-18 0.025 0)
(-6.93889e-18 0.025 1.11022e-16)
(-1.38778e-17 0.025 -2.22045e-16)
(0 0.025 -2.22045e-16)
(-1.38778e-17 0.025 0)
(0 0.025 0)
(0 0.025 0)
(1.38778e-17 0.025 1.11022e-16)
(1.38778e-17 0.025 1.11022e-16)
(2.77556e-17 0.025 1.11022e-16)
(0 0.025 0)
(-2.77556e-17 0.025 0)
(2.77556e-17 0.025 -1.11022e-16)
(-2.77556e-17 0.025 -2.22045e-16)
(-8.32667e-17 0.025 -1.11022e-16)
(5.55112e-17 0.025 1.11022e-16)
(-5.55112e-17 0.025 -1.11022e-16)
(5.55112e-17 0.025 -1.11022e-16)
(0 0.025 0)
(0 0.025 0)
(-5.55112e-17 0.025 -2.22045e-16)
(-5.55112e-17 0.025 -2.22045e-16)
(-5.55112e-17 0.025 0)
(-5.55112e-17 0.025 2.22045e-16)
(0 0.025 0)
(-5.55112e-17 0.025 -2.22045e-16)
(-1.66533e-16 0.025 0)
(-5.55112e-17 0.025 0)
(0 0.025 0)
(-1.11022e-16 0.025 -4.44089e-16)
(-5.55112e-17 0.025 -4.44089e-16)
(-1.66533e-16 0.025 2.22045e-16)
(-5.55112e-17 0.025 0)
(5.55112e-17 0.025 2.22045e-16)
(0 0.025 0)
(0 0.025 4.44089e-16)
(0 0.025 0)
(5.55112e-17 0.025 4.44089e-16)
(5.55112e-17 0.025 4.44089e-16)
(0 0.025 -4.44089e-16)
(0 0.025 4.44089e-16)
(5.55112e-17 0.025 4.44089e-16)
(5.55112e-17 0.025 0)
(0 0.025 0)
(-5.55112e-17 0.025 -4.44089e-16)
(0 0.025 0)
(5.55112e-17 0.025 -4.44089e-16)
(0 0.025 0)
(5.55112e-17 0.025 -4.44089e-16)
(0 0.025 4.44089e-16)
(2.77556e-17 0.025 0)
(0 0.025 4.44089e-16)
(-2.77556e-17 0.025 0)
(2.77556e-17 0.025 4.44089e-16)
(2.77556e-17 0.025 8.88178e-16)
(0 0.025 0)
(1.38778e-17 0.025 -4.44089e-16)
(1.38778e-17 0.025 4.44089e-16)
(0 0.025 -4.44089e-16)
(1.38778e-17 0.025 8.88178e-16)
(2.08167e-17 0.025 0)
(6.93889e-18 0.025 0)
(0 0.025 8.88178e-16)
(2.08167e-17 0.025 -4.44089e-16)
(-6.93889e-18 0.025 8.88178e-16)
(2.08167e-17 0.025 0)
(0 0.025 4.44089e-16)
(6.93889e-18 0.025 0)
(6.93889e-18 0.025 0)
(0 0.025 4.44089e-16)
(6.93889e-18 0.025 4.44089e-16)
(6.93889e-18 0.025 0)
(-1.38778e-17 0.025 -4.44089e-16)
(-1.38778e-17 0.025 0)
(0 0.025 -2.22045e-16)
(-1.38778e-17 0.025 -2.22045e-16)
(0 0.025 0)
(0 0.025 0)
(-1.38778e-17 0.025 -2.22045e-16)
(-1.38778e-17 0.025 -2.22045e-16)
(-1.38778e-17 0.025 -2.22045e-16)
(-1.38778e-17 0.025 0)
(-1.38778e-17 0.025 0)
(0 0.025 0)
(0 0.025 0)
(-2.77556e-17 0.025 -1.11022e-16)
(-2.77556e-17 0.025 -2.22045e-16)
(1.38778e-17 0.025 -2.22045e-16)
(0 0.025 -1.11022e-16)
(-2.77556e-17 0.025 -1.11022e-16)
(-2.77556e-17 0.025 3.33067e-16)
(0 0.025 -1.11022e-16)
(-8.32667e-17 0.025 1.11022e-16)
(2.77556e-17 0.025 1.11022e-16)
(-5.55112e-17 0.025 0)
(5.55112e-17 0.025 1.11022e-16)
(0 0.025 2.22045e-16)
(5.55112e-17 0.025 -1.11022e-16)
(-1.11022e-16 0.025 0)
(-5.55112e-17 0.025 0)
(1.11022e-16 0.025 0)
(0 0.025 2.22045e-16)
(1.11022e-16 0.025 2.22045e-16)
(5.55112e-17 0.025 6.66134e-16)
(1.11022e-16 0.025 2.22045e-16)
(1.11022e-16 0.025 -4.44089e-16)
(0 0.025 -2.22045e-16)
(1.11022e-16 0.025 0)
(0 0.025 2.22045e-16)
(0 0.025 0)
(-5.55112e-17 0.025 4.44089e-16)
(0 0.025 0)
(5.55112e-17 0.025 0)
(5.55112e-17 0.025 0)
(5.55112e-17 0.025 0)
(5.55112e-17 0.025 4.44089e-16)
(1.11022e-16 0.025 4.44089e-16)
(5.55112e-17 0.025 0)
(5.55112e-17 0.025 4.44089e-16)
(5.55112e-17 0.025 0)
(0 0.025 -4.44089e-16)
(5.55112e-17 0.025 0)
(5.55112e-17 0.025 -4.44089e-16)
(0 0.025 -4.44089e-16)
(0 0.025 -8.88178e-16)
(0 0.025 0)
(5.55112e-17 0.025 0)
(5.55112e-17 0.025 4.44089e-16)
(2.77556e-17 0.025 -4.44089e-16)
(-2.77556e-17 0.025 4.44089e-16)
(2.77556e-17 0.025 0)
(-1.38778e-17 0.025 0)
(1.38778e-17 0.025 -4.44089e-16)
(0 0.025 0)
(0 0.025 8.88178e-16)
(0 0.025 0)
(0 0.025 4.44089e-16)
(-1.38778e-17 0.025 4.44089e-16)
(0 0.025 0)
(0 0.025 4.44089e-16)
(0 0.025 0)
(0 0.025 -4.44089e-16)
(-2.77556e-17 0.025 -4.44089e-16)
(0 0.025 0)
(0 0.025 2.22045e-16)
(0 0.025 0)
(1.38778e-17 0.025 2.22045e-16)
(0 0.025 2.22045e-16)
(0 0.025 0)
(0 0.025 -2.22045e-16)
(0 0.025 4.44089e-16)
(-1.38778e-17 0.025 2.22045e-16)
(0 0.025 -2.22045e-16)
(-1.38778e-17 0.025 0)
(0 0.025 1.11022e-16)
(-1.38778e-17 0.025 -1.11022e-16)
(-1.38778e-17 0.025 0)
(0 0.025 -1.11022e-16)
(-1.38778e-17 0.025 0)
(0 0.025 0)
(-5.55112e-17 0.025 -1.11022e-16)
(-2.77556e-17 0.025 -3.33067e-16)
(-5.55112e-17 0.025 -1.11022e-16)
(-5.55112e-17 0.025 -1.11022e-16)
(-2.77556e-17 0.025 -2.22045e-16)
(0 0.025 -2.22045e-16)
(-5.55112e-17 0.025 2.22045e-16)
(5.55112e-17 0.025 1.11022e-16)
(5.55112e-17 0.025 2.22045e-16)
(0 0.025 0)
(0 0.025 2.22045e-16)
(0 0.025 0)
(0 0.025 -2.22045e-16)
(0 0.025 2.22045e-16)
(5.55112e-17 0.025 0)
(0 0.025 4.44089e-16)
(5.55112e-17 0.025 0)
(5.55112e-17 0.025 4.44089e-16)
(0 0.025 0)
(-5.55112e-17 0.025 2.22045e-16)
(-1.11022e-16 0.025 0)
(0 0.025 0)
(0 0.025 0)
(5.55112e-17 0.025 -4.44089e-16)
(0 0.025 4.44089e-16)
(5.55112e-17 0.025 -8.88178e-16)
(0 0.025 0)
(0 0.025 0)
(5.55112e-17 0.025 -4.44089e-16)
(0 0.025 8.88178e-16)
(5.55112e-17 0.025 4.44089e-16)
(0 0.025 4.44089e-16)
(0 0.025 0)
(2.77556e-17 0.025 -4.44089e-16)
(-8.32667e-17 0.025 0)
(0 0.025 0)
(0 0.025 4.44089e-16)
(0 0.025 4.44089e-16)
(1.38778e-17 0.025 0)
(0 0.025 0)
(0 0.025 0)
(1.38778e-17 0.025 0)
(0 0.025 4.44089e-16)
(1.38778e-17 0.025 -4.44089e-16)
(1.38778e-17 0.025 0)
(0 0.025 4.44089e-16)
(1.38778e-17 0.025 0)
(1.38778e-17 0.025 0)
(1.38778e-17 0.025 0)
(1.38778e-17 0.025 0)
(0 0.025 -4.44089e-16)
(1.38778e-17 0.025 0)
(0 0.025 0)
(1.38778e-17 0.025 0)
(0 0.025 -2.22045e-16)
(0 0.025 -4.44089e-16)
(0 0.025 2.22045e-16)
(0 0.025 -2.22045e-16)
(0 0.025 0)
(0 0.025 -2.22045e-16)
(1.38778e-17 0.025 0)
(-1.38778e-17 0.025 2.22045e-16)
(5.55112e-17 0.025 0)
(0 0.025 0)
(-2.77556e-17 0.025 0)
(-2.77556e-17 0.025 0)
(-2.77556e-17 0.025 0)
(-1.11022e-16 0.025 0)
(0 0.025 -2.22045e-16)
(-1.11022e-16 0.025 2.22045e-16)
(5.55112e-17 0.025 2.22045e-16)
(5.55112e-17 0.025 0)
(0 0.025 0)
(-5.55112e-17 0.025 -2.22045e-16)
(5.55112e-17 0.025 6.66134e-16)
(1.11022e-16 0.025 2.22045e-16)
(-5.55112e-17 0.025 0)
(0 0.025 2.22045e-16)
(-5.55112e-17 0.025 0)
(0 0.025 -2.22045e-16)
(0 0.025 0)
(0 0.025 4.44089e-16)
(5.55112e-17 0.025 0)
(-5.55112e-17 0.025 4.44089e-16)
(0 0.025 0)
(-5.55112e-17 0.025 0)
(0 0.025 4.44089e-16)
(0 0.025 -4.44089e-16)
(0 0.025 -4.44089e-16)
(0 0.025 4.44089e-16)
(5.55112e-17 0.025 4.44089e-16)
(2.77556e-17 0.025 -4.44089e-16)
(0 0.025 0)
(-2.77556e-17 0.025 4.44089e-16)
(0 0.025 0)
(0 0.025 4.44089e-16)
(0 0.025 0)
(-1.38778e-17 0.025 0)
(-1.38778e-17 0.025 4.44089e-16)
(2.77556e-17 0.025 -4.44089e-16)
(1.38778e-17 0.025 0)
(1.38778e-17 0.025 0)
(0 0.025 0)
(1.38778e-17 0.025 4.44089e-16)
(4.16334e-17 0.025 0)
(1.38778e-17 0.025 0)
(1.38778e-17 0.025 0)
(0 0.025 -2.22045e-16)
(1.38778e-17 0.025 -2.22045e-16)
(0 0.025 -2.22045e-16)
(1.38778e-17 0.025 -2.22045e-16)
(-1.38778e-17 0.025 -2.22045e-16)
(0 0.025 -2.22045e-16)
(0 0.025 -2.22045e-16)
(0 0.025 -2.22045e-16)
(0 0.025 -2.22045e-16)
(1.38778e-17 0.025 -2.22045e-16)
(-2.77556e-17 0.025 0)
(0 0.025 -2.22045e-16)
(0 0.025 -2.22045e-16)
(-2.77556e-17 0.025 0)
(0 0.025 0)
(2.77556e-17 0.025 0)
(0 0.025 2.22045e-16)
(0 0.025 4.44089e-16)
(0 0.025 4.44089e-16)
(0 0.025 -2.22045e-16)
(-5.55112e-17 0.025 2.22045e-16)
(5.55112e-17 0.025 -2.22045e-16)
(0 0.025 -2.22045e-16)
(0 0.025 -2.22045e-16)
(-8.32667e-17 0.025 0)
(-2.77556e-17 0.025 -2.22045e-16)
(-2.77556e-17 0.025 -2.22045e-16)
(-1.11022e-16 0.025 4.44089e-16)
(-2.77556e-17 0.025 4.44089e-16)
(5.55112e-17 0.025 -4.44089e-16)
(0 0.025 8.88178e-16)
(5.55112e-17 0.025 0)
(5.55112e-17 0.025 -4.44089e-16)
(-5.55112e-17 0.025 0)
(2.77556e-17 0.025 4.44089e-16)
(0 0.025 0)
(0 0.025 4.44089e-16)
(5.55112e-17 0.025 0)
(0 0.025 4.44089e-16)
(2.77556e-17 0.025 -4.44089e-16)
(0 0.025 0)
(0 0.025 0)
(1.38778e-17 0.025 0)
(1.38778e-17 0.025 4.44089e-16)
(1.38778e-17 0.025 4.44089e-16)
(0 0.025 0)
(1.38778e-17 0.025 4.44089e-16)
(1.38778e-17 0.025 -4.44089e-16)
(1.38778e-17 0.025 2.22045e-16)
(1.38778e-17 0.025 0)
(0 0.025 0)
(1.38778e-17 0.025 -2.22045e-16)
(0 0.025 0)
(1.38778e-17 0.025 -2.22045e-16)
(0 0.025 4.44089e-16)
(4.16334e-17 0.025 4.44089e-16)
(1.38778e-17 0.025 2.22045e-16)
(5.55112e-17 0.025 0)
(0 0.025 0)
(-2.77556e-17 0.025 2.22045e-16)
(0 0.025 2.22045e-16)
(0 0.025 -2.22045e-16)
(-2.77556e-17 0.025 0)
(0 0.025 -2.22045e-16)
(-5.55112e-17 0.025 -2.22045e-16)
(-5.55112e-17 0.025 0)
(-8.32667e-17 0.025 2.22045e-16)
(0 0.025 0)
(2.77556e-17 0.025 2.22045e-16)
(-2.77556e-17 0.025 0)
(-2.77556e-17 0.025 4.44089e-16)
(0 0.025 6.66134e-16)
(0 0.025 4.44089e-16)
(2.77556e-17 0.025 -4.44089e-16)
(2.77556e-17 0.025 -4.44089e-16)
(0 0.025 4.44089e-16)
(0 0.025 4.44089e-16)
(0 0.025 -4.44089e-16)
(2.77556e-17 0.025 4.44089e-16)
(5.55112e-17 0.025 -4.44089e-16)
(-2.77556e-17 0.025 4.44089e-16)
(0 0.025 -4.44089e-16)
(2.77556e-17 0.025 -4.44089e-16)
(0 0.025 0)
(0 0.025 4.44089e-16)
)
;
    }
    topWall
    {
        type            calculated;
        value           nonuniform List<vector> 0();
    }
    sides1_half0
    {
        type            cyclic;
    }
    sides1_half1
    {
        type            cyclic;
    }
    sides2_half0
    {
        type            cyclic;
    }
    sides2_half1
    {
        type            cyclic;
    }
    inout1_half0
    {
        type            cyclic;
    }
    inout1_half1
    {
        type            cyclic;
    }
    inout2_half0
    {
        type            cyclic;
    }
    inout2_half1
    {
        type            cyclic;
    }
    procBoundary0to1
    {
        type            processor;
        value           nonuniform List<vector> 
800
(
(6.93337e-310 6.93337e-310 4.64323e-310)
(4.64323e-310 0 0.00489696)
(0 0 0.00489696)
(0 0 0.00489696)
(0 0 0.00489696)
(0 0 0.00489696)
(0 0 0.00489696)
(0 0 0.00489696)
(0 0 0.00489696)
(0 0 0.00489696)
(0 0 0.00489696)
(0 0 0.00489696)
(0 0 0.00489696)
(0 0 0.00489696)
(0 0 0.00489696)
(0 0 0.00489696)
(0 0 0.00489696)
(0 0 0.00489696)
(0 0 0.00489696)
(0 0 0.00489696)
(0 0 0.00489696)
(0 0 0.00489696)
(0 0 0.00489696)
(0 0 0.00489696)
(0 0 0.00489696)
(0 0 0.00489696)
(0 0 0.00489696)
(0 0 0.00489696)
(0 0 0.00489696)
(0 0 0.00489696)
(0 0 0.00489696)
(0 0 0.00489696)
(0 0 0.00489696)
(0 0 0.00489696)
(0 0 0.00489696)
(0 0 0.00489696)
(0 0 0.00489696)
(0 0 0.00489696)
(0 0 0.00489696)
(0 0 0.00489696)
(0 0 0.00538661)
(0 0 0.00538661)
(0 0 0.00538661)
(0 0 0.00538661)
(0 0 0.00538661)
(0 0 0.00538661)
(0 0 0.00538661)
(0 0 0.00538661)
(0 0 0.00538661)
(0 0 0.00538661)
(0 0 0.00538661)
(0 0 0.00538661)
(0 0 0.00538661)
(0 0 0.00538661)
(0 0 0.00538661)
(0 0 0.00538661)
(0 0 0.00538661)
(0 0 0.00538661)
(0 0 0.00538661)
(0 0 0.00538661)
(0 0 0.00538661)
(0 0 0.00538661)
(0 0 0.00538661)
(0 0 0.00538661)
(0 0 0.00538661)
(0 0 0.00538661)
(0 0 0.00538661)
(0 0 0.00538661)
(0 0 0.00538661)
(0 0 0.00538661)
(0 0 0.00538661)
(0 0 0.00538661)
(0 0 0.00538661)
(0 0 0.00538661)
(0 0 0.00538661)
(0 0 0.00538661)
(0 0 0.00538661)
(0 0 0.00538661)
(0 0 0.00538661)
(0 0 0.00538661)
(0 0 0.00592523)
(0 0 0.00592523)
(0 0 0.00592523)
(0 0 0.00592523)
(0 0 0.00592523)
(0 0 0.00592523)
(0 0 0.00592523)
(0 0 0.00592523)
(0 0 0.00592523)
(0 0 0.00592523)
(0 0 0.00592523)
(0 0 0.00592523)
(0 0 0.00592523)
(0 0 0.00592523)
(0 0 0.00592523)
(0 0 0.00592523)
(0 0 0.00592523)
(0 0 0.00592523)
(0 0 0.00592523)
(0 0 0.00592523)
(0 0 0.00592523)
(0 0 0.00592523)
(0 0 0.00592523)
(0 0 0.00592523)
(0 0 0.00592523)
(0 0 0.00592523)
(0 0 0.00592523)
(0 0 0.00592523)
(0 0 0.00592523)
(0 0 0.00592523)
(0 0 0.00592523)
(0 0 0.00592523)
(0 0 0.00592523)
(0 0 0.00592523)
(0 0 0.00592523)
(0 0 0.00592523)
(0 0 0.00592523)
(0 0 0.00592523)
(0 0 0.00592523)
(0 0 0.00592523)
(0 0 0.00651771)
(0 0 0.00651771)
(0 0 0.00651771)
(0 0 0.00651771)
(0 0 0.00651771)
(0 0 0.00651771)
(0 0 0.00651771)
(0 0 0.00651771)
(0 0 0.00651771)
(0 0 0.00651771)
(0 0 0.00651771)
(0 0 0.00651771)
(0 0 0.00651771)
(0 0 0.00651771)
(0 0 0.00651771)
(0 0 0.00651771)
(0 0 0.00651771)
(0 0 0.00651771)
(0 0 0.00651771)
(0 0 0.00651771)
(0 0 0.00651771)
(0 0 0.00651771)
(0 0 0.00651771)
(0 0 0.00651771)
(0 0 0.00651771)
(0 0 0.00651771)
(0 0 0.00651771)
(0 0 0.00651771)
(0 0 0.00651771)
(0 0 0.00651771)
(0 0 0.00651771)
(0 0 0.00651771)
(0 0 0.00651771)
(0 0 0.00651771)
(0 0 0.00651771)
(0 0 0.00651771)
(0 0 0.00651771)
(0 0 0.00651771)
(0 0 0.00651771)
(0 0 0.00651771)
(0 0 0.00716943)
(0 0 0.00716943)
(0 0 0.00716943)
(0 0 0.00716943)
(0 0 0.00716943)
(0 0 0.00716943)
(0 0 0.00716943)
(0 0 0.00716943)
(0 0 0.00716943)
(0 0 0.00716943)
(0 0 0.00716943)
(0 0 0.00716943)
(0 0 0.00716943)
(0 0 0.00716943)
(0 0 0.00716943)
(0 0 0.00716943)
(0 0 0.00716943)
(0 0 0.00716943)
(0 0 0.00716943)
(0 0 0.00716943)
(0 0 0.00716943)
(0 0 0.00716943)
(0 0 0.00716943)
(0 0 0.00716943)
(0 0 0.00716943)
(0 0 0.00716943)
(0 0 0.00716943)
(0 0 0.00716943)
(0 0 0.00716943)
(0 0 0.00716943)
(0 0 0.00716943)
(0 0 0.00716943)
(0 0 0.00716943)
(0 0 0.00716943)
(0 0 0.00716943)
(0 0 0.00716943)
(0 0 0.00716943)
(0 0 0.00716943)
(0 0 0.00716943)
(0 0 0.00716943)
(0 0 0.00788631)
(0 0 0.00788631)
(0 0 0.00788631)
(0 0 0.00788631)
(0 0 0.00788631)
(0 0 0.00788631)
(0 0 0.00788631)
(0 0 0.00788631)
(0 0 0.00788631)
(0 0 0.00788631)
(0 0 0.00788631)
(0 0 0.00788631)
(0 0 0.00788631)
(0 0 0.00788631)
(0 0 0.00788631)
(0 0 0.00788631)
(0 0 0.00788631)
(0 0 0.00788631)
(0 0 0.00788631)
(0 0 0.00788631)
(0 0 0.00788631)
(0 0 0.00788631)
(0 0 0.00788631)
(0 0 0.00788631)
(0 0 0.00788631)
(0 0 0.00788631)
(0 0 0.00788631)
(0 0 0.00788631)
(0 0 0.00788631)
(0 0 0.00788631)
(0 0 0.00788631)
(0 0 0.00788631)
(0 0 0.00788631)
(0 0 0.00788631)
(0 0 0.00788631)
(0 0 0.00788631)
(0 0 0.00788631)
(0 0 0.00788631)
(0 0 0.00788631)
(0 0 0.00788631)
(0 0 0.00867488)
(0 0 0.00867488)
(0 0 0.00867488)
(0 0 0.00867488)
(0 0 0.00867488)
(0 0 0.00867488)
(0 0 0.00867488)
(0 0 0.00867488)
(0 0 0.00867488)
(0 0 0.00867488)
(0 0 0.00867488)
(0 0 0.00867488)
(0 0 0.00867488)
(0 0 0.00867488)
(0 0 0.00867488)
(0 0 0.00867488)
(0 0 0.00867488)
(0 0 0.00867488)
(0 0 0.00867488)
(0 0 0.00867488)
(0 0 0.00867488)
(0 0 0.00867488)
(0 0 0.00867488)
(0 0 0.00867488)
(0 0 0.00867488)
(0 0 0.00867488)
(0 0 0.00867488)
(0 0 0.00867488)
(0 0 0.00867488)
(0 0 0.00867488)
(0 0 0.00867488)
(0 0 0.00867488)
(0 0 0.00867488)
(0 0 0.00867488)
(0 0 0.00867488)
(0 0 0.00867488)
(0 0 0.00867488)
(0 0 0.00867488)
(0 0 0.00867488)
(0 0 0.00867488)
(0 0 0.0095423)
(0 0 0.0095423)
(0 0 0.0095423)
(0 0 0.0095423)
(0 0 0.0095423)
(0 0 0.0095423)
(0 0 0.0095423)
(0 0 0.0095423)
(0 0 0.0095423)
(0 0 0.0095423)
(0 0 0.0095423)
(0 0 0.0095423)
(0 0 0.0095423)
(0 0 0.0095423)
(0 0 0.0095423)
(0 0 0.0095423)
(0 0 0.0095423)
(0 0 0.0095423)
(0 0 0.0095423)
(0 0 0.0095423)
(0 0 0.0095423)
(0 0 0.0095423)
(0 0 0.0095423)
(0 0 0.0095423)
(0 0 0.0095423)
(0 0 0.0095423)
(0 0 0.0095423)
(0 0 0.0095423)
(0 0 0.0095423)
(0 0 0.0095423)
(0 0 0.0095423)
(0 0 0.0095423)
(0 0 0.0095423)
(0 0 0.0095423)
(0 0 0.0095423)
(0 0 0.0095423)
(0 0 0.0095423)
(0 0 0.0095423)
(0 0 0.0095423)
(0 0 0.0095423)
(2.71615e-311 0.05 0.00248627)
(0.975 0.15 0.00248627)
(0.975 0.25 0.00248627)
(0.975 0.35 0.00248627)
(0.975 0.45 0.00248627)
(0.975 0.55 0.00248627)
(0.975 0.65 0.00248627)
(0.975 0.75 0.00248627)
(0.975 0.85 0.00248627)
(0.975 0.95 0.00248627)
(0.975 1.05 0.00248627)
(0.975 1.15 0.00248627)
(0.975 1.25 0.00248627)
(0.975 1.35 0.00248627)
(0.975 1.45 0.00248627)
(0.975 1.55 0.00248627)
(0.975 1.65 0.00248627)
(0.975 1.75 0.00248627)
(0.975 1.85 0.00248627)
(0.975 1.95 0.00248627)
(0.975 2.05 0.00248627)
(0.975 2.15 0.00248627)
(0.975 2.25 0.00248627)
(0.975 2.35 0.00248627)
(0.975 2.45 0.00248627)
(0.975 2.55 0.00248627)
(0.975 2.65 0.00248627)
(0.975 2.75 0.00248627)
(0.975 2.85 0.00248627)
(0.975 2.95 0.00248627)
(0.975 3.05 0.00248627)
(0.975 3.15 0.00248627)
(0.975 3.25 0.00248627)
(0.975 3.35 0.00248627)
(0.975 3.45 0.00248627)
(0.975 3.55 0.00248627)
(0.975 3.65 0.00248627)
(0.975 3.75 0.00248627)
(0.975 3.85 0.00248627)
(0.975 3.95 0.00248627)
(0.975 0.05 0.00770741)
(0.975 0.15 0.00770741)
(0.975 0.25 0.00770741)
(0.975 0.35 0.00770741)
(0.975 0.45 0.00770741)
(0.975 0.55 0.00770741)
(0.975 0.65 0.00770741)
(0.975 0.75 0.00770741)
(0.975 0.85 0.00770741)
(0.975 0.95 0.00770741)
(0.975 1.05 0.00770741)
(0.975 1.15 0.00770741)
(0.975 1.25 0.00770741)
(0.975 1.35 0.00770741)
(0.975 1.45 0.00770741)
(0.975 1.55 0.00770741)
(0.975 1.65 0.00770741)
(0.975 1.75 0.00770741)
(0.975 1.85 0.00770741)
(0.975 1.95 0.00770741)
(0.975 2.05 0.00770741)
(0.975 2.15 0.00770741)
(0.975 2.25 0.00770741)
(0.975 2.35 0.00770741)
(0.975 2.45 0.00770741)
(0.975 2.55 0.00770741)
(0.975 2.65 0.00770741)
(0.975 2.75 0.00770741)
(0.975 2.85 0.00770741)
(0.975 2.95 0.00770741)
(0.975 3.05 0.00770741)
(0.975 3.15 0.00770741)
(0.975 3.25 0.00770741)
(0.975 3.35 0.00770741)
(0.975 3.45 0.00770741)
(0.975 3.55 0.00770741)
(0.975 3.65 0.00770741)
(0.975 3.75 0.00770741)
(0.975 3.85 0.00770741)
(0.975 3.95 0.00770741)
(0.975 0.05 0.0134506)
(0.975 0.15 0.0134506)
(0.975 0.25 0.0134506)
(0.975 0.35 0.0134506)
(0.975 0.45 0.0134506)
(0.975 0.55 0.0134506)
(0.975 0.65 0.0134506)
(0.975 0.75 0.0134506)
(0.975 0.85 0.0134506)
(0.975 0.95 0.0134506)
(0.975 1.05 0.0134506)
(0.975 1.15 0.0134506)
(0.975 1.25 0.0134506)
(0.975 1.35 0.0134506)
(0.975 1.45 0.0134506)
(0.975 1.55 0.0134506)
(0.975 1.65 0.0134506)
(0.975 1.75 0.0134506)
(0.975 1.85 0.0134506)
(0.975 1.95 0.0134506)
(0.975 2.05 0.0134506)
(0.975 2.15 0.0134506)
(0.975 2.25 0.0134506)
(0.975 2.35 0.0134506)
(0.975 2.45 0.0134506)
(0.975 2.55 0.0134506)
(0.975 2.65 0.0134506)
(0.975 2.75 0.0134506)
(0.975 2.85 0.0134506)
(0.975 2.95 0.0134506)
(0.975 3.05 0.0134506)
(0.975 3.15 0.0134506)
(0.975 3.25 0.0134506)
(0.975 3.35 0.0134506)
(0.975 3.45 0.0134506)
(0.975 3.55 0.0134506)
(0.975 3.65 0.0134506)
(0.975 3.75 0.0134506)
(0.975 3.85 0.0134506)
(0.975 3.95 0.0134506)
(0.975 0.05 0.0197681)
(0.975 0.15 0.0197681)
(0.975 0.25 0.0197681)
(0.975 0.35 0.0197681)
(0.975 0.45 0.0197681)
(0.975 0.55 0.0197681)
(0.975 0.65 0.0197681)
(0.975 0.75 0.0197681)
(0.975 0.85 0.0197681)
(0.975 0.95 0.0197681)
(0.975 1.05 0.0197681)
(0.975 1.15 0.0197681)
(0.975 1.25 0.0197681)
(0.975 1.35 0.0197681)
(0.975 1.45 0.0197681)
(0.975 1.55 0.0197681)
(0.975 1.65 0.0197681)
(0.975 1.75 0.0197681)
(0.975 1.85 0.0197681)
(0.975 1.95 0.0197681)
(0.975 2.05 0.0197681)
(0.975 2.15 0.0197681)
(0.975 2.25 0.0197681)
(0.975 2.35 0.0197681)
(0.975 2.45 0.0197681)
(0.975 2.55 0.0197681)
(0.975 2.65 0.0197681)
(0.975 2.75 0.0197681)
(0.975 2.85 0.0197681)
(0.975 2.95 0.0197681)
(0.975 3.05 0.0197681)
(0.975 3.15 0.0197681)
(0.975 3.25 0.0197681)
(0.975 3.35 0.0197681)
(0.975 3.45 0.0197681)
(0.975 3.55 0.0197681)
(0.975 3.65 0.0197681)
(0.975 3.75 0.0197681)
(0.975 3.85 0.0197681)
(0.975 3.95 0.0197681)
(0.975 0.05 0.0267173)
(0.975 0.15 0.0267173)
(0.975 0.25 0.0267173)
(0.975 0.35 0.0267173)
(0.975 0.45 0.0267173)
(0.975 0.55 0.0267173)
(0.975 0.65 0.0267173)
(0.975 0.75 0.0267173)
(0.975 0.85 0.0267173)
(0.975 0.95 0.0267173)
(0.975 1.05 0.0267173)
(0.975 1.15 0.0267173)
(0.975 1.25 0.0267173)
(0.975 1.35 0.0267173)
(0.975 1.45 0.0267173)
(0.975 1.55 0.0267173)
(0.975 1.65 0.0267173)
(0.975 1.75 0.0267173)
(0.975 1.85 0.0267173)
(0.975 1.95 0.0267173)
(0.975 2.05 0.0267173)
(0.975 2.15 0.0267173)
(0.975 2.25 0.0267173)
(0.975 2.35 0.0267173)
(0.975 2.45 0.0267173)
(0.975 2.55 0.0267173)
(0.975 2.65 0.0267173)
(0.975 2.75 0.0267173)
(0.975 2.85 0.0267173)
(0.975 2.95 0.0267173)
(0.975 3.05 0.0267173)
(0.975 3.15 0.0267173)
(0.975 3.25 0.0267173)
(0.975 3.35 0.0267173)
(0.975 3.45 0.0267173)
(0.975 3.55 0.0267173)
(0.975 3.65 0.0267173)
(0.975 3.75 0.0267173)
(0.975 3.85 0.0267173)
(0.975 3.95 0.0267173)
(0.975 0.05 0.0343614)
(0.975 0.15 0.0343614)
(0.975 0.25 0.0343614)
(0.975 0.35 0.0343614)
(0.975 0.45 0.0343614)
(0.975 0.55 0.0343614)
(0.975 0.65 0.0343614)
(0.975 0.75 0.0343614)
(0.975 0.85 0.0343614)
(0.975 0.95 0.0343614)
(0.975 1.05 0.0343614)
(0.975 1.15 0.0343614)
(0.975 1.25 0.0343614)
(0.975 1.35 0.0343614)
(0.975 1.45 0.0343614)
(0.975 1.55 0.0343614)
(0.975 1.65 0.0343614)
(0.975 1.75 0.0343614)
(0.975 1.85 0.0343614)
(0.975 1.95 0.0343614)
(0.975 2.05 0.0343614)
(0.975 2.15 0.0343614)
(0.975 2.25 0.0343614)
(0.975 2.35 0.0343614)
(0.975 2.45 0.0343614)
(0.975 2.55 0.0343614)
(0.975 2.65 0.0343614)
(0.975 2.75 0.0343614)
(0.975 2.85 0.0343614)
(0.975 2.95 0.0343614)
(0.975 3.05 0.0343614)
(0.975 3.15 0.0343614)
(0.975 3.25 0.0343614)
(0.975 3.35 0.0343614)
(0.975 3.45 0.0343614)
(0.975 3.55 0.0343614)
(0.975 3.65 0.0343614)
(0.975 3.75 0.0343614)
(0.975 3.85 0.0343614)
(0.975 3.95 0.0343614)
(0.975 0.05 0.0427698)
(0.975 0.15 0.0427698)
(0.975 0.25 0.0427698)
(0.975 0.35 0.0427698)
(0.975 0.45 0.0427698)
(0.975 0.55 0.0427698)
(0.975 0.65 0.0427698)
(0.975 0.75 0.0427698)
(0.975 0.85 0.0427698)
(0.975 0.95 0.0427698)
(0.975 1.05 0.0427698)
(0.975 1.15 0.0427698)
(0.975 1.25 0.0427698)
(0.975 1.35 0.0427698)
(0.975 1.45 0.0427698)
(0.975 1.55 0.0427698)
(0.975 1.65 0.0427698)
(0.975 1.75 0.0427698)
(0.975 1.85 0.0427698)
(0.975 1.95 0.0427698)
(0.975 2.05 0.0427698)
(0.975 2.15 0.0427698)
(0.975 2.25 0.0427698)
(0.975 2.35 0.0427698)
(0.975 2.45 0.0427698)
(0.975 2.55 0.0427698)
(0.975 2.65 0.0427698)
(0.975 2.75 0.0427698)
(0.975 2.85 0.0427698)
(0.975 2.95 0.0427698)
(0.975 3.05 0.0427698)
(0.975 3.15 0.0427698)
(0.975 3.25 0.0427698)
(0.975 3.35 0.0427698)
(0.975 3.45 0.0427698)
(0.975 3.55 0.0427698)
(0.975 3.65 0.0427698)
(0.975 3.75 0.0427698)
(0.975 3.85 0.0427698)
(0.975 3.95 0.0427698)
(0.975 0.05 0.0520189)
(0.975 0.15 0.0520189)
(0.975 0.25 0.0520189)
(0.975 0.35 0.0520189)
(0.975 0.45 0.0520189)
(0.975 0.55 0.0520189)
(0.975 0.65 0.0520189)
(0.975 0.75 0.0520189)
(0.975 0.85 0.0520189)
(0.975 0.95 0.0520189)
(0.975 1.05 0.0520189)
(0.975 1.15 0.0520189)
(0.975 1.25 0.0520189)
(0.975 1.35 0.0520189)
(0.975 1.45 0.0520189)
(0.975 1.55 0.0520189)
(0.975 1.65 0.0520189)
(0.975 1.75 0.0520189)
(0.975 1.85 0.0520189)
(0.975 1.95 0.0520189)
(0.975 2.05 0.0520189)
(0.975 2.15 0.0520189)
(0.975 2.25 0.0520189)
(0.975 2.35 0.0520189)
(0.975 2.45 0.0520189)
(0.975 2.55 0.0520189)
(0.975 2.65 0.0520189)
(0.975 2.75 0.0520189)
(0.975 2.85 0.0520189)
(0.975 2.95 0.0520189)
(0.975 3.05 0.0520189)
(0.975 3.15 0.0520189)
(0.975 3.25 0.0520189)
(0.975 3.35 0.0520189)
(0.975 3.45 0.0520189)
(0.975 3.55 0.0520189)
(0.975 3.65 0.0520189)
(0.975 3.75 0.0520189)
(0.975 3.85 0.0520189)
(0.975 3.95 0.0520189)
(0.975 0.05 0.0621929)
(0.975 0.15 0.0621929)
(0.975 0.25 0.0621929)
(0.975 0.35 0.0621929)
(0.975 0.45 0.0621929)
(0.975 0.55 0.0621929)
(0.975 0.65 0.0621929)
(0.975 0.75 0.0621929)
(0.975 0.85 0.0621929)
(0.975 0.95 0.0621929)
(0.975 1.05 0.0621929)
(0.975 1.15 0.0621929)
(0.975 1.25 0.0621929)
(0.975 1.35 0.0621929)
(0.975 1.45 0.0621929)
(0.975 1.55 0.0621929)
(0.975 1.65 0.0621929)
(0.975 1.75 0.0621929)
(0.975 1.85 0.0621929)
(0.975 1.95 0.0621929)
(0.975 2.05 0.0621929)
(0.975 2.15 0.0621929)
(0.975 2.25 0.0621929)
(0.975 2.35 0.0621929)
(0.975 2.45 0.0621929)
(0.975 2.55 0.0621929)
(0.975 2.65 0.0621929)
(0.975 2.75 0.0621929)
(0.975 2.85 0.0621929)
(0.975 2.95 0.0621929)
(0.975 3.05 0.0621929)
(0.975 3.15 0.0621929)
(0.975 3.25 0.0621929)
(0.975 3.35 0.0621929)
(0.975 3.45 0.0621929)
(0.975 3.55 0.0621929)
(0.975 3.65 0.0621929)
(0.975 3.75 0.0621929)
(0.975 3.85 0.0621929)
(0.975 3.95 0.0621929)
(0.975 0.05 0.0733843)
(0.975 0.15 0.0733843)
(0.975 0.25 0.0733843)
(0.975 0.35 0.0733843)
(0.975 0.45 0.0733843)
(0.975 0.55 0.0733843)
(0.975 0.65 0.0733843)
(0.975 0.75 0.0733843)
(0.975 0.85 0.0733843)
(0.975 0.95 0.0733843)
(0.975 1.05 0.0733843)
(0.975 1.15 0.0733843)
(0.975 1.25 0.0733843)
(0.975 1.35 0.0733843)
(0.975 1.45 0.0733843)
(0.975 1.55 0.0733843)
(0.975 1.65 0.0733843)
(0.975 1.75 0.0733843)
(0.975 1.85 0.0733843)
(0.975 1.95 0.0733843)
(0.975 2.05 0.0733843)
(0.975 2.15 0.0733843)
(0.975 2.25 0.0733843)
(0.975 2.35 0.0733843)
(0.975 2.45 0.0733843)
(0.975 2.55 0.0733843)
(0.975 2.65 0.0733843)
(0.975 2.75 0.0733843)
(0.975 2.85 0.0733843)
(0.975 2.95 0.0733843)
(0.975 3.05 0.0733843)
(0.975 3.15 0.0733843)
(0.975 3.25 0.0733843)
(0.975 3.35 0.0733843)
(0.975 3.45 0.0733843)
(0.975 3.55 0.0733843)
(0.975 3.65 0.0733843)
(0.975 3.75 0.0733843)
(0.975 3.85 0.0733843)
(0.975 3.95 0.0733843)
(0.975 0.05 0.0856946)
(0.975 0.15 0.0856946)
(0.975 0.25 0.0856946)
(0.975 0.35 0.0856946)
(0.975 0.45 0.0856946)
(0.975 0.55 0.0856946)
(0.975 0.65 0.0856946)
(0.975 0.75 0.0856946)
(0.975 0.85 0.0856946)
(0.975 0.95 0.0856946)
(0.975 1.05 0.0856946)
(0.975 1.15 0.0856946)
(0.975 1.25 0.0856946)
(0.975 1.35 0.0856946)
(0.975 1.45 0.0856946)
(0.975 1.55 0.0856946)
(0.975 1.65 0.0856946)
(0.975 1.75 0.0856946)
(0.975 1.85 0.0856946)
(0.975 1.95 0.0856946)
(0.975 2.05 0.0856946)
(0.975 2.15 0.0856946)
(0.975 2.25 0.0856946)
(0.975 2.35 0.0856946)
(0.975 2.45 0.0856946)
(0.975 2.55 0.0856946)
(0.975 2.65 0.0856946)
(0.975 2.75 0.0856946)
(0.975 2.85 0.0856946)
(0.975 2.95 0.0856946)
(0.975 3.05 0.0856946)
(0.975 3.15 0.0856946)
(0.975 3.25 0.0856946)
(0.975 3.35 0.0856946)
(0.975 3.45 0.0856946)
(0.975 3.55 0.0856946)
(0.975 3.65 0.0856946)
(0.975 3.75 0.0856946)
(0.975 3.85 0.0856946)
(0.975 3.95 0.0856946)
(0.975 0.05 0.099236)
(0.975 0.15 0.099236)
(0.975 0.25 0.099236)
(0.975 0.35 0.099236)
(0.975 0.45 0.099236)
(0.975 0.55 0.099236)
(0.975 0.65 0.099236)
(0.975 0.75 0.099236)
(0.975 0.85 0.099236)
(0.975 0.95 0.099236)
(0.975 1.05 0.099236)
(0.975 1.15 0.099236)
(0.975 1.25 0.099236)
(0.975 1.35 0.099236)
(0.975 1.45 0.099236)
(0.975 1.55 0.099236)
(0.975 1.65 0.099236)
(0.975 1.75 0.099236)
(0.975 1.85 0.099236)
(0.975 1.95 0.099236)
(0.975 2.05 0.099236)
(0.975 2.15 0.099236)
(0.975 2.25 0.099236)
(0.975 2.35 0.099236)
(0.975 2.45 0.099236)
(0.975 2.55 0.099236)
(0.975 2.65 0.099236)
(0.975 2.75 0.099236)
(0.975 2.85 0.099236)
(0.975 2.95 0.099236)
(0.975 3.05 0.099236)
(0.975 3.15 0.099236)
(0.975 3.25 0.099236)
(0.975 3.35 0.099236)
(0.975 3.45 0.099236)
(0.975 3.55 0.099236)
(0.975 3.65 0.099236)
(0.975 3.75 0.099236)
(0.975 3.85 0.099236)
(0.975 3.95 0.099236)
)
;
    }
    procBoundary0to2
    {
        type            processor;
        value           uniform (6.93337e-310 6.93337e-310 4.64323e-310);
    }
    procBoundary0to2throughsides1_half0
    {
        type            processorCyclic;
        value           uniform (0 0 0);
    }
}


// ************************************************************************* //
